-0.023193 -0.005859 0.075195 0.061523 0.054199 -0.025879 0.007080 
-0.033142 0.008179 0.103638 0.098389 0.090576 -0.009155 -0.025513 
-0.047852 -0.033020 0.052490 0.039062 0.025146 -0.081360 -0.005249 
-0.062439 -0.046997 0.035767 0.020752 0.007080 -0.095398 -0.012573 
-0.064758 -0.037415 0.036743 0.016968 -0.002563 -0.094604 -0.020386 
-0.059570 -0.023560 0.040649 0.043579 0.024048 -0.055664 -0.014404 
-0.000244 -0.002563 0.045044 0.055908 0.047729 -0.018677 0.049927 

-0.133057 -0.168701 -0.192017 -0.187500 -0.187988 -0.201172 -0.143921 
-0.053040 -0.112915 -0.133911 -0.131104 -0.132324 -0.140381 -0.107544 
-0.096680 -0.134155 -0.151855 -0.156372 -0.158325 -0.170654 -0.173584 
-0.100586 -0.139526 -0.147827 -0.157837 -0.142944 -0.160889 -0.169800 
-0.088562 -0.145630 -0.135254 -0.155029 -0.135376 -0.145142 -0.158081 
-0.045288 -0.092163 -0.088745 -0.116760 -0.095337 -0.100098 -0.103027 
-0.175659 -0.232422 -0.265625 -0.280273 -0.259277 -0.267090 -0.245361 

0.397949 0.308838 0.333008 0.348145 0.342773 0.242188 0.287842 
0.449951 0.333008 0.353516 0.377930 0.353760 0.270508 0.291504 
0.506348 0.367676 0.369141 0.390137 0.364502 0.323730 0.324951 
0.513184 0.373779 0.381836 0.393799 0.380127 0.329590 0.331543 
0.510742 0.365234 0.366455 0.374268 0.368164 0.328857 0.333496 
0.489014 0.308105 0.342041 0.356689 0.349609 0.302979 0.409668 
0.503906 0.382324 0.420410 0.418945 0.413574 0.372559 0.445801 

-0.252930 -0.096191 -0.150879 -0.153320 -0.145996 -0.059082 -0.060547 
-0.092285 0.037109 -0.028320 -0.020996 -0.013672 0.086182 -0.027344 
-0.077148 0.060059 -0.003418 0.001953 0.001953 0.064941 -0.055176 
-0.079590 0.052490 -0.011719 -0.013672 -0.003418 0.062012 -0.048828 
-0.055176 0.057861 0.007812 -0.001465 0.011719 0.079590 -0.031738 
0.040039 0.160889 0.098633 0.086426 0.103760 0.188232 0.029785 
-0.094238 -0.027344 -0.067871 -0.078125 -0.067383 0.010254 -0.011230 

-0.005310 -0.048950 -0.061676 -0.049011 -0.052246 -0.061859 -0.002441 
-0.035339 -0.079163 -0.122131 -0.113037 -0.117615 -0.085876 0.015076 
-0.032410 -0.074402 -0.123047 -0.115479 -0.120056 -0.072571 0.036072 
-0.025452 -0.061127 -0.113708 -0.110535 -0.108704 -0.060699 0.036316 
-0.028137 -0.073730 -0.112610 -0.116516 -0.111084 -0.059509 0.028992 
0.036926 -0.012146 -0.017273 -0.025024 -0.022644 -0.025024 0.075134 
0.003845 -0.000793 -0.004456 -0.008362 -0.013672 -0.016235 -0.000305 

-0.241577 -0.195679 -0.236206 -0.246460 -0.236450 -0.174316 -0.099731 
-0.260742 -0.133301 -0.195557 -0.192261 -0.183472 -0.099121 -0.125366 
-0.253418 -0.119385 -0.210449 -0.203857 -0.194458 -0.099243 -0.134644 
-0.248657 -0.115356 -0.203857 -0.200439 -0.185913 -0.089233 -0.127197 
-0.243286 -0.102661 -0.185669 -0.187744 -0.169312 -0.076904 -0.113403 
-0.284668 -0.134766 -0.215088 -0.220337 -0.205811 -0.109131 -0.145996 
-0.253418 -0.256348 -0.302246 -0.309082 -0.297363 -0.259766 -0.209473 

0.196289 0.228516 0.262207 0.257812 0.263184 0.201660 0.175537 
0.011719 -0.009277 0.047363 0.037109 0.034912 -0.005127 0.015625 
0.027588 -0.033569 0.012451 0.001953 -0.000488 0.002441 0.008301 
0.034912 -0.029907 0.016113 0.005859 -0.001953 0.000732 0.008545 
0.027832 -0.027954 0.005859 -0.001221 -0.013916 -0.007568 0.004395 
0.057373 -0.021240 0.060303 0.069824 0.053711 0.015381 0.026367 
0.094727 0.022705 0.053955 0.061279 0.055664 0.028076 0.106934 

-0.058716 -0.033813 -0.068726 -0.072876 -0.089966 -0.020630 -0.042603 
0.020508 0.141235 0.056885 0.058716 0.035278 0.109131 -0.057983 
-0.015503 0.134521 0.026855 0.021973 0.005859 0.080200 -0.049927 
-0.027466 0.105957 0.003052 -0.010376 -0.016724 0.072510 -0.050415 
-0.003052 0.106201 0.011108 -0.011841 -0.022339 0.066528 -0.062378 
0.121338 0.142090 0.060791 0.028320 0.023560 0.104858 -0.035767 
0.037354 -0.038452 -0.092163 -0.124634 -0.131714 -0.063354 -0.041138 

-0.001221 0.062256 0.057861 0.051514 0.064819 0.126709 0.047852 
-0.123535 -0.122986 -0.139404 -0.144043 -0.136475 -0.049255 -0.058289 
-0.171997 -0.221924 -0.207886 -0.211304 -0.195068 -0.116455 -0.098755 
-0.179810 -0.227661 -0.219727 -0.206787 -0.193115 -0.127930 -0.105652 
-0.208252 -0.237793 -0.246704 -0.229370 -0.228271 -0.162598 -0.117188 
-0.286133 -0.303711 -0.290039 -0.265137 -0.264648 -0.179443 -0.149780 
-0.172119 -0.117432 -0.111816 -0.111572 -0.095459 -0.058411 -0.093262 

-0.043365 -0.044891 -0.056915 -0.066040 -0.060577 -0.054657 -0.025665 
0.028336 0.013794 -0.015472 -0.025055 -0.014221 0.010498 0.047729 
0.007202 -0.028229 -0.045197 -0.052582 -0.043304 -0.029510 0.029053 
0.003204 -0.033173 -0.051910 -0.055878 -0.051239 -0.033783 0.026489 
0.002319 -0.030975 -0.056244 -0.055695 -0.052948 -0.026642 0.029266 
0.018555 0.005676 -0.007935 -0.005585 -0.002960 0.039459 0.086426 
-0.011200 0.025085 0.008942 0.015289 0.015381 0.049255 0.039337 

0.150879 0.151001 0.218994 0.207275 0.232056 0.150024 0.136353 
0.239258 0.244019 0.315674 0.302734 0.327148 0.244141 0.201904 
0.218994 0.196655 0.262207 0.259766 0.279785 0.214111 0.192017 
0.225464 0.236450 0.287109 0.309326 0.314453 0.237061 0.209473 
0.206665 0.242554 0.258789 0.298096 0.298096 0.222656 0.193359 
0.210571 0.251465 0.288574 0.326172 0.324463 0.257812 0.188843 
0.167114 0.180786 0.208252 0.227661 0.222046 0.188477 0.195312 

0.155273 0.050781 -0.005432 0.007629 0.001465 0.014465 -0.022766 
0.372070 0.135010 0.086670 0.084106 0.089111 0.082581 0.136108 
0.308350 0.083984 0.020813 0.015839 0.015900 0.021576 0.086365 
0.281494 0.025421 -0.025391 -0.040039 -0.034302 -0.019714 0.064758 
0.298584 0.021973 -0.016602 -0.037781 -0.035522 -0.017944 0.067078 
0.415527 0.114319 0.000916 -0.019714 -0.005371 -0.014404 0.107605 
0.223389 0.122742 0.081970 0.079224 0.076782 0.081421 0.119507 

0.093018 -0.024796 -0.092590 -0.113525 -0.102600 -0.023117 0.041626 
-0.037811 -0.150024 -0.255615 -0.268066 -0.261230 -0.172974 -0.031952 
-0.078369 -0.178589 -0.281982 -0.294434 -0.281982 -0.204224 -0.041840 
-0.078857 -0.190674 -0.291748 -0.303955 -0.297119 -0.204956 -0.034485 
-0.071594 -0.177246 -0.278564 -0.288330 -0.282959 -0.198242 -0.034912 
-0.106995 -0.197021 -0.330078 -0.341064 -0.339111 -0.222412 -0.060059 
-0.004234 -0.081055 -0.171997 -0.177856 -0.181274 -0.106445 0.017471 

-0.112549 -0.032257 -0.004944 -0.009842 0.001507 -0.000656 -0.051971 
-0.033783 0.022339 0.066528 0.062103 0.069824 0.049744 0.004196 
-0.041382 -0.002487 0.036285 0.042053 0.049530 0.040131 0.004196 
-0.046906 -0.002014 0.026352 0.034180 0.038391 0.025574 -0.007812 
-0.047272 0.004036 0.018738 0.031494 0.034180 0.023788 -0.007843 
-0.015472 0.046600 0.061035 0.068848 0.066467 0.063843 0.018860 
-0.174194 -0.088257 -0.066650 -0.066895 -0.069458 -0.075195 -0.112549 

0.140137 0.137695 0.243652 0.265869 0.260742 0.186279 0.164307 
0.049072 0.010742 0.138916 0.148682 0.135742 0.019775 0.056396 
0.061768 0.042969 0.176025 0.187988 0.171875 0.045654 0.078125 
0.063232 0.043213 0.164307 0.176025 0.155762 0.037598 0.074219 
0.045898 0.036133 0.154541 0.163330 0.140381 0.031494 0.067627 
-0.098511 -0.093750 -0.016846 -0.007690 -0.021118 -0.128662 -0.030884 
-0.047852 -0.019165 0.043701 0.062744 0.049072 -0.002563 0.055420 

-0.179321 -0.064453 -0.051147 -0.051392 -0.049561 -0.044983 0.029175 
-0.142944 0.028687 0.031372 0.030701 0.025360 0.065308 0.151245 
-0.182129 0.016571 0.003082 0.001709 -0.005371 0.021484 0.095642 
-0.192017 0.024200 0.003204 0.000214 0.000610 0.028931 0.105957 
-0.192993 0.036041 0.015869 0.012024 0.015900 0.037170 0.110596 
-0.173096 -0.002319 -0.023865 -0.021729 -0.015259 0.028076 0.099365 
-0.245972 -0.104492 -0.122192 -0.121704 -0.118164 -0.091187 -0.062073 

0.062561 0.011414 0.047180 0.043274 0.062683 0.075378 0.253662 
0.071228 0.112854 0.194824 0.190186 0.209961 0.157227 0.279297 
0.006042 0.016663 0.111511 0.118469 0.128906 0.070740 0.176758 
0.023499 0.049988 0.146484 0.170654 0.171875 0.105164 0.193848 
0.016907 0.083313 0.154297 0.192383 0.188232 0.113708 0.200195 
-0.067627 0.021057 0.060608 0.098450 0.087219 0.077087 0.174316 
0.156250 0.154053 0.142090 0.160156 0.158203 0.179199 0.310547 

0.332764 0.365723 0.397217 0.388916 0.397461 0.293701 0.264893 
0.177856 0.292236 0.380371 0.365234 0.375732 0.256836 0.165161 
0.211060 0.275879 0.327148 0.330811 0.332520 0.245728 0.177490 
0.218750 0.269043 0.325928 0.331543 0.325195 0.236450 0.190063 
0.195190 0.268799 0.295410 0.313232 0.302002 0.223389 0.180786 
0.119751 0.181396 0.217529 0.244751 0.225342 0.181885 0.150024 
0.117371 0.104797 0.159790 0.171753 0.177368 0.131226 0.156128 

-0.075439 -0.096558 -0.093994 -0.093506 -0.090698 -0.117798 0.017303 
-0.105591 -0.069702 -0.049164 -0.050995 -0.041534 -0.065918 0.028412 
-0.078491 -0.062744 -0.052582 -0.050079 -0.037872 -0.036774 0.056885 
-0.090210 -0.065308 -0.051910 -0.044891 -0.038300 -0.035736 0.053802 
-0.090576 -0.059174 -0.054047 -0.046478 -0.044403 -0.039093 0.047791 
-0.117188 -0.079102 -0.086426 -0.085083 -0.087158 -0.081299 0.013947 
-0.029694 -0.041901 -0.055511 -0.050201 -0.037750 -0.020721 0.015015 

-0.054565 -0.121094 -0.152954 -0.151611 -0.146851 -0.118103 -0.105103 
-0.043640 -0.144165 -0.200195 -0.199585 -0.189331 -0.112854 -0.101929 
0.027832 -0.099548 -0.157471 -0.151367 -0.139771 -0.077881 -0.054749 
0.039795 -0.079224 -0.140625 -0.130981 -0.113220 -0.057983 -0.040649 
0.040894 -0.054443 -0.121094 -0.116150 -0.101013 -0.055054 -0.041016 
0.016602 -0.041260 -0.096313 -0.099121 -0.094727 -0.057617 -0.067627 
0.024170 0.062134 0.035278 0.036987 0.042725 0.034668 -0.031799 

-0.202515 -0.214966 -0.241577 -0.244019 -0.241333 -0.189331 -0.223267 
-0.152832 -0.142578 -0.179077 -0.191528 -0.179565 -0.136230 -0.136353 
-0.114746 -0.089966 -0.156860 -0.156128 -0.141113 -0.079468 -0.101196 
-0.117310 -0.085205 -0.158203 -0.151245 -0.135376 -0.082642 -0.104126 
-0.128052 -0.082642 -0.165405 -0.151001 -0.139893 -0.083496 -0.109985 
-0.147339 -0.112427 -0.165771 -0.152954 -0.140503 -0.143311 -0.171753 
-0.232300 -0.229858 -0.229370 -0.224243 -0.212036 -0.210815 -0.247681 

-0.207764 -0.029785 -0.051270 -0.052490 -0.052002 -0.035889 -0.252197 
-0.075928 0.112183 0.066895 0.063843 0.061157 0.096069 -0.132568 
-0.084961 0.075684 -0.011475 -0.011230 -0.009766 0.069092 -0.135742 
-0.098877 0.062988 -0.029541 -0.034424 -0.026123 0.055664 -0.149170 
-0.098389 0.057373 -0.033447 -0.042969 -0.035645 0.052612 -0.145996 
-0.027588 0.136230 0.101807 0.089111 0.089600 0.115234 -0.100830 
-0.291748 -0.146484 -0.186768 -0.191650 -0.183350 -0.163086 -0.356689 

0.317871 0.362305 0.389648 0.377930 0.374512 0.334961 0.120728 
0.202026 0.242798 0.264160 0.259277 0.246460 0.199097 0.075073 
0.268555 0.303711 0.302246 0.292480 0.272949 0.250000 0.152954 
0.278809 0.318848 0.312988 0.296875 0.269043 0.255859 0.151489 
0.286133 0.315918 0.313477 0.299316 0.272461 0.261719 0.152954 
0.260254 0.300781 0.325195 0.312988 0.299805 0.288574 0.117065 
0.231812 0.346191 0.356934 0.350586 0.327637 0.303711 0.125854 

-0.050720 -0.090576 -0.103699 -0.096069 -0.097473 -0.083801 -0.009460 
-0.098389 -0.124023 -0.125000 -0.119751 -0.117432 -0.133423 -0.037079 
-0.128662 -0.154541 -0.151489 -0.145264 -0.143677 -0.155884 -0.081299 
-0.130981 -0.149170 -0.151001 -0.147949 -0.138062 -0.151367 -0.085449 
-0.137329 -0.153076 -0.161133 -0.157227 -0.148193 -0.152222 -0.087646 
-0.137573 -0.174683 -0.208130 -0.196167 -0.193359 -0.158691 -0.091309 
-0.092834 -0.173828 -0.197266 -0.187012 -0.187012 -0.170654 -0.056885 

0.002930 -0.045776 -0.070679 -0.057861 -0.065063 -0.051636 -0.035278 
-0.011475 -0.054565 -0.072021 -0.054932 -0.058960 -0.034424 -0.079102 
-0.055908 -0.126953 -0.156006 -0.140747 -0.151123 -0.120239 -0.133301 
-0.051636 -0.132202 -0.158813 -0.143066 -0.153320 -0.123291 -0.142334 
-0.047852 -0.125854 -0.150757 -0.135742 -0.146606 -0.117310 -0.140625 
-0.036865 -0.090820 -0.141846 -0.126953 -0.131226 -0.107056 -0.139648 
-0.084717 -0.149902 -0.173340 -0.169189 -0.172363 -0.147461 -0.108887 

-0.017700 0.013794 -0.036255 -0.044922 -0.035034 -0.006470 -0.026611 
-0.052002 0.087830 0.063599 0.069519 0.073547 0.105835 0.026123 
-0.058350 0.067078 0.016357 0.022217 0.029419 0.101135 0.026001 
-0.075806 0.053528 0.000610 0.003296 0.005615 0.082153 0.021362 
-0.084106 0.038452 -0.008423 -0.003174 0.004395 0.077820 0.030151 
-0.088501 0.032471 0.012085 0.015625 0.017212 0.075073 0.063171 
-0.007812 0.072327 0.076233 0.075928 0.087463 0.113403 0.081360 

-0.196533 -0.288086 -0.291748 -0.271729 -0.286133 -0.339111 -0.309082 
-0.154541 -0.234375 -0.289062 -0.267090 -0.270752 -0.301758 -0.285156 
-0.220703 -0.244629 -0.288330 -0.288086 -0.294678 -0.328857 -0.318848 
-0.233887 -0.275146 -0.316650 -0.328613 -0.319824 -0.348633 -0.322266 
-0.202881 -0.268799 -0.287354 -0.313721 -0.300537 -0.331299 -0.303223 
-0.167725 -0.280273 -0.334717 -0.361816 -0.346191 -0.383057 -0.335693 
-0.169189 -0.269043 -0.260742 -0.267822 -0.267822 -0.333008 -0.343018 

0.107788 -0.043457 -0.091614 -0.095337 -0.092285 -0.061646 0.114624 
-0.009155 -0.126709 -0.184570 -0.183350 -0.178467 -0.154663 0.006958 
-0.018127 -0.095642 -0.154419 -0.143311 -0.136475 -0.150391 0.014160 
-0.010315 -0.084595 -0.147949 -0.135864 -0.135498 -0.147827 0.012573 
-0.020569 -0.090698 -0.162476 -0.145508 -0.144409 -0.157837 0.010986 
-0.067383 -0.132690 -0.204102 -0.204346 -0.202881 -0.168579 -0.026978 
0.248901 0.148560 0.098877 0.099487 0.110352 0.152954 0.251465 

-0.014320 -0.048645 -0.107605 -0.110107 -0.101746 -0.066284 0.001465 
-0.010086 -0.116821 -0.179443 -0.179932 -0.172241 -0.120728 -0.033966 
-0.062317 -0.147339 -0.222656 -0.225464 -0.205444 -0.146362 -0.088135 
-0.060974 -0.158325 -0.217041 -0.222534 -0.197144 -0.142578 -0.091309 
-0.049683 -0.162964 -0.212158 -0.221313 -0.189941 -0.135010 -0.080933 
-0.030121 -0.145508 -0.197876 -0.206421 -0.184692 -0.138306 -0.072815 
0.004532 -0.016418 -0.065857 -0.077393 -0.065491 -0.021088 0.050964 

0.075928 0.048340 -0.004807 -0.004349 0.000168 0.038666 0.074036 
0.137939 0.125122 0.060913 0.062378 0.069336 0.140503 0.166626 
0.153442 0.121826 0.049347 0.048096 0.050171 0.136597 0.170654 
0.147705 0.112671 0.036530 0.033203 0.042908 0.131104 0.164551 
0.151733 0.114258 0.034271 0.033112 0.043274 0.124390 0.170410 
0.089172 0.050171 -0.029984 -0.035950 -0.030838 0.072510 0.111084 
0.091003 0.050598 0.025803 0.026535 0.041656 0.081848 0.092346 

-0.076294 0.040466 0.051575 0.072693 0.059509 0.101013 -0.026184 
-0.086487 0.149170 0.126953 0.151123 0.133301 0.145996 -0.008911 
-0.003113 0.250000 0.178955 0.190186 0.177734 0.219727 0.032715 
0.008850 0.251465 0.203369 0.206299 0.198486 0.235352 0.039490 
0.013794 0.240967 0.207764 0.200195 0.196289 0.229736 0.039307 
0.012878 0.231934 0.199463 0.183838 0.188477 0.198242 0.013855 
-0.060364 0.064880 0.072937 0.073792 0.068665 0.090271 0.012085 

0.254150 0.129517 0.112793 0.100586 0.128296 0.160522 0.240234 
0.144531 0.009491 0.050751 0.052765 0.094116 0.107788 0.176270 
0.077026 -0.090454 -0.039459 -0.021851 0.021851 0.055206 0.138672 
0.080200 -0.048920 0.007965 0.042145 0.085205 0.109985 0.157959 
0.071289 -0.040375 0.000488 0.046722 0.081299 0.119263 0.154053 
0.124023 0.040741 0.089722 0.138428 0.156128 0.171509 0.187378 
0.220947 0.080444 0.068970 0.098633 0.120361 0.150757 0.161865 

-0.010529 -0.029541 -0.040283 -0.034790 -0.043793 -0.039551 -0.056915 
-0.141602 -0.124146 -0.154663 -0.145264 -0.145508 -0.109619 -0.179688 
-0.198853 -0.201660 -0.257568 -0.248657 -0.243042 -0.185181 -0.276367 
-0.204102 -0.222046 -0.265137 -0.266846 -0.249512 -0.181885 -0.273682 
-0.190063 -0.219727 -0.252197 -0.263184 -0.246582 -0.169678 -0.262451 
-0.160034 -0.166138 -0.192383 -0.202515 -0.196777 -0.158325 -0.253418 
-0.082397 -0.139771 -0.144653 -0.142090 -0.136230 -0.127930 -0.119873 

0.126587 0.141602 0.124756 0.118958 0.109436 0.089600 0.067017 
0.084839 0.112183 0.091370 0.093567 0.081421 0.079956 0.028412 
0.091797 0.067993 0.044861 0.050903 0.030151 0.059601 0.055969 
0.098145 0.073669 0.060120 0.074219 0.053772 0.087341 0.068726 
0.107422 0.061890 0.047760 0.055481 0.036865 0.072021 0.064209 
0.158813 0.140137 0.135742 0.142334 0.129639 0.109680 0.098328 
0.211914 0.247803 0.212158 0.209961 0.195312 0.151855 0.099121 

0.215698 0.319824 0.274170 0.265625 0.266357 0.346680 0.235352 
0.071289 0.083740 0.049438 0.038208 0.037872 0.131470 0.065491 
0.051392 0.059021 -0.001068 -0.015839 -0.010681 0.109009 0.057037 
0.039307 0.040802 -0.013763 -0.034912 -0.025848 0.096252 0.051208 
0.051941 0.056519 0.014038 -0.015106 -0.003876 0.111084 0.056732 
0.102844 0.093628 0.092896 0.064819 0.069702 0.128784 0.086304 
0.120667 0.112915 0.065613 0.058319 0.060364 0.112488 0.075806 

-0.112915 -0.117798 -0.108032 -0.109497 -0.114624 -0.123413 -0.143677 
0.002808 0.008057 0.016235 0.017822 0.010498 -0.034302 -0.083374 
0.059570 0.018677 0.031738 0.020142 0.003906 -0.018188 -0.044067 
0.059692 0.025269 0.036011 0.024170 0.012573 -0.012695 -0.040161 
0.067505 0.031738 0.042603 0.022095 0.003906 -0.020142 -0.043823 
0.110535 0.049316 0.067017 0.052246 0.045532 -0.015503 -0.012573 
0.000610 0.034424 0.040405 0.047729 0.031128 0.007446 -0.046509 

0.046478 0.032654 0.061615 0.054718 0.045654 0.016342 -0.040192 
0.027206 0.008453 0.064209 0.059937 0.063354 0.040466 -0.000031 
0.099609 0.096985 0.146118 0.144775 0.158081 0.109497 0.052673 
0.093933 0.086243 0.139038 0.142090 0.152710 0.106079 0.055237 
0.079956 0.065979 0.120972 0.125000 0.133423 0.093140 0.048065 
0.035400 0.040802 0.114380 0.128052 0.131226 0.119995 0.013626 
0.059143 0.073669 0.107544 0.097046 0.108398 0.097229 0.035309 

-0.119202 -0.109131 -0.061279 -0.057648 -0.059235 -0.101440 -0.151489 
-0.123901 -0.111694 -0.049530 -0.058868 -0.053619 -0.086060 -0.130371 
-0.102173 -0.106323 -0.020111 -0.025375 -0.023514 -0.062134 -0.097900 
-0.103516 -0.101196 -0.012146 -0.010193 -0.009033 -0.050018 -0.085815 
-0.112915 -0.100403 -0.029251 -0.019531 -0.019989 -0.068970 -0.099670 
-0.220703 -0.198364 -0.127441 -0.119202 -0.126221 -0.168213 -0.171631 
-0.115540 -0.098145 -0.010834 -0.011108 -0.021362 -0.050598 -0.103882 

-0.112427 0.023438 0.083984 0.094055 0.090881 0.054810 0.016479 
-0.160278 0.023254 0.137329 0.144287 0.131592 0.046570 0.065735 
-0.135620 0.027710 0.125854 0.124084 0.110657 0.029785 0.045349 
-0.121948 0.040466 0.130615 0.125977 0.103943 0.034851 0.049866 
-0.141724 0.042114 0.127441 0.126099 0.098389 0.028687 0.040466 
-0.225708 -0.046265 -0.024536 -0.011719 -0.028564 -0.051392 -0.020264 
-0.117798 -0.047241 0.003296 0.018005 0.011047 -0.003540 0.041443 

-0.081116 -0.141602 -0.177124 -0.178345 -0.177002 -0.151367 -0.096313 
-0.147583 -0.236572 -0.275391 -0.270752 -0.273926 -0.211060 -0.121460 
-0.145386 -0.199707 -0.241943 -0.234131 -0.236328 -0.201904 -0.143921 
-0.136963 -0.192871 -0.229736 -0.222534 -0.218506 -0.190308 -0.135864 
-0.136963 -0.200806 -0.226929 -0.225586 -0.219482 -0.193359 -0.133301 
-0.088745 -0.178467 -0.222046 -0.227539 -0.219971 -0.181641 -0.106750 
-0.175659 -0.228271 -0.270996 -0.279785 -0.275879 -0.232300 -0.189697 

-0.084717 -0.115234 -0.059692 -0.060303 -0.055786 -0.080933 -0.065430 
-0.251221 -0.245117 -0.196167 -0.192139 -0.197754 -0.202148 -0.218384 
-0.306641 -0.299805 -0.219238 -0.224731 -0.233154 -0.274658 -0.267822 
-0.315186 -0.312012 -0.235840 -0.251709 -0.254639 -0.284424 -0.267578 
-0.285156 -0.276611 -0.198975 -0.221436 -0.218140 -0.258301 -0.249512 
-0.206055 -0.202148 -0.161987 -0.191162 -0.193359 -0.227905 -0.239258 
-0.172363 -0.253906 -0.221924 -0.217773 -0.211426 -0.263672 -0.174561 

0.235352 0.192383 0.197388 0.195068 0.192505 0.164795 0.129395 
0.186157 0.099731 0.117920 0.110352 0.109497 0.061615 0.054718 
0.214966 0.144531 0.189697 0.185425 0.187866 0.125610 0.092407 
0.219604 0.139404 0.183472 0.181274 0.180420 0.122314 0.090576 
0.218994 0.141968 0.185913 0.182861 0.179688 0.119873 0.084900 
0.209351 0.120850 0.159302 0.155151 0.148438 0.106567 0.089966 
0.192993 0.138184 0.157471 0.153931 0.150635 0.140503 0.122559 

-0.109741 -0.035400 -0.041382 -0.037720 -0.047241 -0.053345 -0.130005 
-0.128052 -0.085449 -0.072998 -0.065552 -0.072510 -0.053467 -0.075684 
-0.094727 -0.029053 -0.036133 -0.038208 -0.041016 -0.007202 -0.041016 
-0.105957 -0.037476 -0.052979 -0.063354 -0.054932 -0.015137 -0.045532 
-0.095703 -0.035034 -0.034058 -0.053711 -0.047241 -0.004639 -0.032349 
-0.004272 0.061584 0.090454 0.068604 0.066772 0.056824 -0.013428 
-0.062256 -0.027832 0.000366 -0.009888 -0.006592 -0.020020 -0.112915 

0.045410 0.021362 0.023621 0.019653 0.025269 0.111572 0.094971 
0.062012 -0.030151 0.030945 0.019531 0.025879 0.075500 0.093872 
0.141479 0.048828 0.084229 0.083496 0.084229 0.120483 0.149170 
0.136475 0.070435 0.089355 0.090820 0.082458 0.119629 0.146606 
0.134155 0.077881 0.080811 0.092163 0.087891 0.115784 0.154419 
0.096985 0.058289 0.028442 0.025330 0.024353 0.082031 0.065552 
-0.041504 -0.033325 -0.031982 -0.034790 -0.032104 0.033447 0.059814 

0.084778 0.047302 -0.013054 -0.010033 -0.018311 0.053253 0.142822 
0.044098 0.031219 -0.014153 -0.014214 -0.020691 0.060608 0.128784 
0.036469 0.024445 -0.021820 -0.024597 -0.029175 0.045685 0.120483 
0.027954 0.007439 -0.041321 -0.043304 -0.044800 0.028503 0.109741 
0.035858 0.020294 -0.021973 -0.023651 -0.029877 0.041565 0.103760 
0.028381 0.019501 -0.025269 -0.027039 -0.030365 0.040833 0.096619 
0.159546 0.034180 0.008224 0.012856 0.017105 0.069763 0.163696 

-0.031921 -0.117188 -0.149170 -0.148438 -0.153198 -0.117554 -0.110840 
-0.004395 -0.103516 -0.119019 -0.117432 -0.119141 -0.073608 -0.106201 
0.022491 -0.072144 -0.101440 -0.103027 -0.105957 -0.047668 -0.077881 
0.019592 -0.076538 -0.096802 -0.102051 -0.096558 -0.039246 -0.080444 
0.011536 -0.101929 -0.116089 -0.128784 -0.118652 -0.063599 -0.094727 
-0.007935 -0.113159 -0.110352 -0.122192 -0.118530 -0.071899 -0.083374 
-0.046692 -0.110107 -0.115112 -0.121094 -0.124146 -0.076538 -0.094360 

0.030518 -0.023560 -0.017822 -0.021240 -0.024658 -0.006592 0.058350 
0.054199 0.014404 0.066162 0.062500 0.059570 0.075928 0.095947 
0.042236 0.041260 0.077148 0.085938 0.078613 0.061035 0.035400 
0.045898 0.056152 0.079346 0.086426 0.074463 0.083496 0.039062 
0.036133 0.048584 0.070068 0.079102 0.067627 0.075195 0.038818 
-0.031250 -0.048706 -0.071777 -0.064453 -0.065308 -0.011230 -0.052490 
-0.009766 -0.036377 -0.064697 -0.062256 -0.052246 -0.006836 -0.031372 

-0.130737 -0.056030 -0.058594 -0.060425 -0.055054 -0.005859 -0.119751 
-0.067017 0.013672 0.009094 0.001099 0.011658 0.040894 -0.101318 
0.011292 0.026306 -0.003540 -0.011353 0.004517 0.064819 -0.051880 
0.023743 0.046814 0.006287 0.003723 0.007385 0.073914 -0.043945 
0.013855 0.031250 -0.017090 -0.011963 -0.008789 0.059448 -0.054565 
-0.015259 0.003174 -0.028076 -0.030151 -0.030884 0.037354 -0.061890 
-0.015137 0.075256 0.047729 0.045837 0.048340 0.081543 -0.021973 

-0.108398 0.001709 -0.005859 0.006104 -0.004639 -0.089844 -0.168213 
-0.156372 -0.014404 -0.019287 0.002441 0.007812 -0.107910 -0.103516 
-0.118164 0.076172 0.067383 0.084229 0.093262 -0.018555 -0.062988 
-0.087891 0.082031 0.064453 0.078369 0.098389 -0.021729 -0.049805 
-0.082520 0.106201 0.102295 0.115479 0.138916 0.009521 -0.026123 
-0.151611 -0.040527 -0.080811 -0.057129 -0.041504 -0.105469 -0.112061 
-0.068848 0.109619 0.053467 0.063965 0.088135 0.089844 -0.085693 

0.000244 0.036743 0.023193 0.014404 0.020142 0.078125 -0.134277 
-0.064331 0.009766 0.021240 0.001343 0.007080 0.057861 -0.166626 
0.078491 0.170166 0.150879 0.137451 0.138916 0.200684 -0.033936 
0.114014 0.192383 0.175537 0.173096 0.161865 0.212891 -0.025391 
0.112793 0.197754 0.169678 0.180908 0.163086 0.205322 -0.024902 
0.093994 0.177979 0.202148 0.215820 0.201904 0.223145 0.036987 
-0.000610 0.152832 0.131348 0.120117 0.117920 0.209473 -0.043091 

0.313477 0.433105 0.499023 0.505371 0.483643 0.493164 0.364258 
0.143066 0.335693 0.452393 0.466064 0.457275 0.386230 0.253662 
0.249756 0.379883 0.472900 0.492188 0.470215 0.383301 0.312012 
0.262207 0.405762 0.486084 0.496338 0.482422 0.391602 0.321533 
0.254883 0.436035 0.523438 0.535156 0.523438 0.417969 0.329102 
0.241943 0.415527 0.510742 0.518066 0.509766 0.352539 0.310791 
0.305664 0.305908 0.397461 0.412598 0.398926 0.284668 0.274902 

-0.289795 -0.211182 -0.230225 -0.221924 -0.220459 -0.202393 -0.223877 
-0.126953 -0.074463 -0.141479 -0.135132 -0.136963 -0.090088 -0.120178 
-0.049805 0.039185 -0.022095 -0.021118 -0.026489 0.019287 -0.044128 
-0.032349 0.049683 -0.002441 -0.010376 -0.006836 0.046509 -0.018799 
-0.014038 0.068115 0.022705 0.015991 0.025757 0.067993 -0.003052 
0.009399 0.054688 -0.020630 -0.030884 -0.024658 0.027588 -0.054871 
-0.100342 -0.151245 -0.210327 -0.212158 -0.198975 -0.144043 -0.132568 

0.031494 -0.030273 -0.021973 -0.029785 -0.025146 -0.032715 -0.000732 
0.057861 -0.043701 -0.046631 -0.060547 -0.059082 -0.030029 0.029419 
0.034180 -0.111328 -0.088867 -0.101318 -0.093018 -0.058350 0.001953 
0.040649 -0.109863 -0.084229 -0.092773 -0.083252 -0.047852 0.012085 
0.023682 -0.114990 -0.091797 -0.097168 -0.092285 -0.061523 0.003052 
-0.057861 -0.156738 -0.144287 -0.145996 -0.140625 -0.106201 -0.065186 
-0.006104 -0.089844 -0.075928 -0.074707 -0.064697 -0.032959 -0.052979 

-0.023438 0.050293 0.037354 0.055664 0.046143 -0.010010 0.022949 
0.109741 0.223267 0.172607 0.187378 0.161987 0.100952 0.104980 
0.177124 0.295898 0.253418 0.250488 0.228882 0.183594 0.138672 
0.194946 0.306641 0.276367 0.268555 0.266846 0.205444 0.159302 
0.204102 0.305664 0.296875 0.268799 0.278809 0.212891 0.167725 
0.231445 0.291992 0.258057 0.212891 0.231812 0.180054 0.158081 
-0.096191 -0.012695 -0.032959 -0.048584 -0.037109 -0.070068 -0.077393 

-0.323242 -0.207764 -0.249268 -0.258301 -0.239746 -0.226440 -0.268066 
-0.276123 -0.238770 -0.263672 -0.252686 -0.246582 -0.190063 -0.200439 
-0.353271 -0.262207 -0.265869 -0.262207 -0.251709 -0.230469 -0.224731 
-0.374512 -0.289307 -0.300781 -0.295654 -0.286133 -0.259277 -0.240723 
-0.369141 -0.296143 -0.306396 -0.304688 -0.291992 -0.256836 -0.227417 
-0.295654 -0.224121 -0.257812 -0.258545 -0.247803 -0.186523 -0.172119 
-0.500488 -0.356201 -0.369385 -0.374268 -0.355713 -0.309326 -0.413574 

-0.185547 -0.320557 -0.296631 -0.322021 -0.304932 -0.250488 -0.062012 
-0.195068 -0.178955 -0.192627 -0.203857 -0.186279 -0.120605 -0.107422 
-0.199463 -0.226074 -0.244629 -0.252686 -0.225586 -0.180420 -0.114014 
-0.208984 -0.231689 -0.253174 -0.249023 -0.229980 -0.186279 -0.112793 
-0.203857 -0.202637 -0.234863 -0.222168 -0.215332 -0.172363 -0.109375 
-0.252930 -0.254639 -0.305664 -0.296143 -0.277344 -0.163086 -0.112061 
-0.120850 -0.265137 -0.298096 -0.296631 -0.289062 -0.228760 -0.015381 

-0.393066 -0.259277 -0.266113 -0.249146 -0.244995 -0.221313 -0.525879 
-0.337402 -0.244263 -0.229858 -0.232056 -0.214233 -0.180054 -0.316406 
-0.415527 -0.333496 -0.319824 -0.325195 -0.292480 -0.226929 -0.318848 
-0.417480 -0.361816 -0.329102 -0.332520 -0.301758 -0.239624 -0.329102 
-0.410156 -0.356934 -0.330078 -0.327637 -0.309570 -0.243774 -0.334961 
-0.315918 -0.255371 -0.228149 -0.234741 -0.223755 -0.221313 -0.266602 
-0.405762 -0.287598 -0.226929 -0.224976 -0.225220 -0.241821 -0.429199 

0.251953 0.194092 0.218506 0.198242 0.211914 0.202148 0.273682 
0.132446 0.102783 0.137207 0.123169 0.151489 0.116943 0.109375 
0.099609 0.079956 0.137207 0.135132 0.160034 0.108643 0.076904 
0.088623 0.097778 0.146851 0.143799 0.171875 0.114380 0.077881 
0.080566 0.103149 0.145020 0.148438 0.177979 0.131470 0.087524 
0.088379 0.112061 0.146118 0.152710 0.180908 0.143066 0.079102 
0.127808 0.108032 0.110962 0.114868 0.130859 0.138672 0.148682 

-0.126953 -0.154541 -0.184570 -0.165527 -0.179932 -0.208984 0.034790 
-0.230469 -0.278809 -0.364746 -0.339355 -0.375488 -0.377930 -0.038330 
-0.349121 -0.330566 -0.444336 -0.437988 -0.469238 -0.479004 -0.139404 
-0.355469 -0.359863 -0.454590 -0.467285 -0.488770 -0.499023 -0.165771 
-0.336426 -0.361328 -0.417480 -0.458496 -0.472656 -0.489258 -0.151855 
-0.258301 -0.273438 -0.291992 -0.332520 -0.340820 -0.437500 -0.171387 
-0.301270 -0.327637 -0.331055 -0.344727 -0.356934 -0.451172 -0.326660 

-0.287109 -0.275391 -0.271240 -0.266357 -0.277344 -0.301758 -0.321289 
-0.214233 -0.112793 -0.083496 -0.074402 -0.095276 -0.088135 -0.242432 
-0.192261 -0.099731 -0.050903 -0.049011 -0.062195 -0.070374 -0.225586 
-0.197632 -0.117798 -0.063721 -0.061646 -0.066467 -0.074463 -0.222656 
-0.192261 -0.115723 -0.057617 -0.058960 -0.061401 -0.067017 -0.222534 
-0.161133 -0.060913 -0.003647 -0.004227 -0.008690 -0.010704 -0.179932 
-0.056641 -0.070496 -0.059937 -0.061279 -0.061584 -0.051941 -0.102173 

-0.187500 -0.197998 -0.205688 -0.203491 -0.187622 -0.146606 -0.078125 
-0.148438 -0.218994 -0.255371 -0.263916 -0.245117 -0.167480 -0.039124 
-0.183350 -0.246338 -0.294434 -0.299072 -0.269043 -0.188477 -0.096558 
-0.172607 -0.238037 -0.281250 -0.276367 -0.253418 -0.186035 -0.091431 
-0.189209 -0.260254 -0.317383 -0.306641 -0.287598 -0.201660 -0.098816 
-0.199585 -0.304688 -0.359375 -0.359863 -0.341797 -0.255859 -0.096191 
-0.108765 -0.071045 -0.103088 -0.098389 -0.091309 -0.030884 -0.020386 

0.076233 -0.063049 -0.021027 -0.043274 -0.023895 -0.018250 0.150879 
0.135498 -0.015991 0.085754 0.062561 0.089783 0.028687 0.105652 
0.138428 -0.000610 0.106384 0.096252 0.123230 0.063049 0.098694 
0.139893 0.033875 0.122009 0.131348 0.137451 0.068787 0.103821 
0.127686 0.049194 0.104919 0.141357 0.142334 0.067810 0.093445 
0.099670 0.039551 0.049133 0.079651 0.077942 0.076233 0.107483 
0.160889 0.096863 0.078674 0.092712 0.089050 0.120422 0.167236 

0.168945 0.109253 0.098267 0.098511 0.099426 0.149658 0.212402 
0.132202 0.063171 0.064087 0.052185 0.063232 0.125000 0.180054 
0.158691 0.084045 0.082397 0.075439 0.089050 0.173950 0.220703 
0.156494 0.071411 0.067810 0.066162 0.072815 0.156982 0.218018 
0.154663 0.065186 0.050110 0.057983 0.056763 0.144531 0.207764 
0.141235 0.067200 0.055359 0.076416 0.078552 0.147949 0.182861 
0.102295 0.069153 0.068726 0.075317 0.063416 0.111816 0.202759 

0.195801 0.136108 0.113525 0.101379 0.120239 0.172607 0.090820 
0.111023 0.037323 -0.003296 -0.013916 -0.007080 -0.001892 -0.043335 
0.019348 -0.063965 -0.124268 -0.121704 -0.114990 -0.097656 -0.105591 
-0.000244 -0.067383 -0.121582 -0.118408 -0.120972 -0.100952 -0.110229 
0.023193 -0.031372 -0.082764 -0.075928 -0.081909 -0.070679 -0.090454 
0.097290 0.130981 0.096924 0.090454 0.079529 0.065918 -0.023071 
0.297852 0.211914 0.156250 0.142578 0.141479 0.125244 0.082764 

0.218506 0.207520 0.200928 0.198120 0.201538 0.208496 0.276855 
0.174927 0.176514 0.128418 0.143555 0.148926 0.178711 0.275391 
0.195801 0.200806 0.137451 0.153809 0.156982 0.217041 0.286133 
0.192627 0.198975 0.139648 0.156006 0.160645 0.214478 0.291260 
0.186401 0.204834 0.146362 0.162842 0.162842 0.211304 0.288330 
0.228394 0.240479 0.229858 0.252930 0.249146 0.250244 0.312988 
0.207397 0.270996 0.232544 0.242065 0.236938 0.246948 0.269287 

0.045044 -0.052277 -0.040863 -0.054352 -0.042389 -0.054047 0.149048 
0.014130 -0.094971 -0.102417 -0.103760 -0.087769 -0.079468 0.132202 
0.026505 -0.063721 -0.060944 -0.066162 -0.037872 -0.036652 0.153809 
0.030548 -0.062347 -0.067261 -0.066650 -0.032623 -0.028961 0.159180 
0.024490 -0.062988 -0.057159 -0.057526 -0.024414 -0.025909 0.159302 
-0.027191 -0.118896 -0.083862 -0.079956 -0.061676 -0.047577 0.158203 
0.065186 -0.007263 -0.005249 -0.008636 0.001190 0.022049 0.143677 

0.044067 -0.024963 -0.073364 -0.059509 -0.059875 -0.027283 0.108521 
0.095093 0.017456 -0.040527 -0.029602 -0.035095 0.035034 0.085449 
0.034546 -0.018372 -0.057373 -0.044006 -0.054443 -0.007874 0.012695 
0.028320 -0.042786 -0.075928 -0.053040 -0.072937 -0.019165 0.018311 
0.030273 -0.020386 -0.072510 -0.036987 -0.058289 -0.020996 0.012817 
0.050049 -0.004883 -0.056702 -0.023621 -0.038940 0.017334 0.080811 
0.127686 0.003418 -0.032104 -0.009705 -0.015015 0.005615 0.168945 

-0.028961 0.004425 0.058899 0.056824 0.056549 -0.017181 -0.084106 
-0.010254 0.044556 0.116333 0.109009 0.109863 0.071045 -0.064453 
0.026489 0.050903 0.135986 0.134033 0.124756 0.076294 -0.034637 
0.029007 0.054260 0.130127 0.133423 0.118042 0.064758 -0.030243 
0.022461 0.057343 0.123779 0.129883 0.112671 0.054596 -0.033112 
0.011688 0.068298 0.122925 0.126099 0.118042 0.075195 -0.032990 
-0.097046 -0.030609 0.026306 0.024872 0.014450 -0.030365 -0.116455 

-0.524414 -0.491211 -0.482910 -0.487793 -0.474365 -0.485840 -0.362305 
-0.506836 -0.430176 -0.472168 -0.473389 -0.454834 -0.354004 -0.284912 
-0.585449 -0.471436 -0.515137 -0.515137 -0.495605 -0.396973 -0.375488 
-0.583984 -0.465088 -0.503906 -0.490479 -0.485596 -0.394287 -0.364990 
-0.595703 -0.471436 -0.519043 -0.501953 -0.504883 -0.402344 -0.373779 
-0.638672 -0.496582 -0.514648 -0.503906 -0.511719 -0.403320 -0.309814 
-0.435547 -0.405273 -0.436523 -0.425781 -0.429199 -0.417725 -0.258789 

0.306396 0.132690 0.188721 0.172607 0.169189 0.168701 0.265137 
0.285889 0.078857 0.129761 0.117188 0.102417 0.100098 0.245605 
0.287598 0.097412 0.131470 0.132935 0.123047 0.109253 0.267578 
0.269531 0.097046 0.132690 0.145020 0.120850 0.117188 0.251953 
0.247803 0.091919 0.104004 0.122681 0.098633 0.091309 0.229492 
0.248535 0.144043 0.168213 0.182129 0.162231 0.205078 0.257812 
0.299805 0.182861 0.200195 0.189209 0.188721 0.271729 0.352295 

0.003235 0.033051 0.033966 0.027313 0.038849 0.120850 0.030121 
0.001526 0.040802 0.069397 0.073669 0.089783 0.160034 0.075867 
-0.011597 0.024261 0.083069 0.095215 0.104675 0.126099 0.073181 
-0.013367 0.046936 0.097046 0.115784 0.115784 0.141113 0.083740 
-0.019287 0.050720 0.095642 0.120117 0.112488 0.138428 0.085205 
-0.007629 0.055969 0.099121 0.132324 0.129272 0.172363 0.131470 
-0.054565 0.041443 0.043915 0.060394 0.059601 0.112915 0.092590 

0.091125 0.022141 0.027618 0.032440 0.023590 0.022995 0.054230 
0.062073 0.046082 0.073608 0.070984 0.063538 0.050568 0.039093 
0.072021 0.067505 0.115845 0.115234 0.101196 0.076050 0.048218 
0.077393 0.071167 0.119385 0.120361 0.101685 0.080811 0.051208 
0.076233 0.068787 0.110718 0.112671 0.092407 0.069702 0.045258 
0.036072 0.034912 0.042480 0.054291 0.042419 0.043427 -0.007751 
0.130005 0.054321 0.051819 0.059235 0.059570 0.046295 0.095947 

-0.158569 -0.180664 -0.160278 -0.153809 -0.154785 -0.185303 -0.142090 
-0.095276 -0.064575 -0.039062 -0.027740 -0.039062 -0.079895 -0.020416 
-0.035339 -0.008942 0.012390 0.019531 0.007812 -0.046570 0.024475 
-0.029297 0.001953 0.020569 0.028198 0.010071 -0.043732 0.027100 
-0.036041 0.000366 0.022522 0.031067 0.013123 -0.047058 0.020935 
-0.089539 -0.058167 -0.029572 -0.020233 -0.031952 -0.077087 -0.016388 
-0.080566 -0.042572 -0.059692 -0.059814 -0.057404 -0.087463 -0.049194 

-0.006714 0.029175 0.039429 0.023804 0.040649 0.111206 -0.088989 
0.166504 0.189331 0.202148 0.190552 0.218262 0.276611 0.075684 
0.111938 0.144897 0.144043 0.134644 0.169800 0.251709 0.076660 
0.107544 0.125122 0.128662 0.118896 0.148315 0.231323 0.070068 
0.128296 0.139893 0.152954 0.145020 0.173950 0.244019 0.084717 
0.244873 0.250977 0.266602 0.258545 0.283203 0.311523 0.165039 
-0.042114 -0.042847 -0.023804 -0.034546 -0.017456 0.018066 -0.064087 

-0.148682 -0.105591 -0.146851 -0.163208 -0.152832 -0.129517 -0.165161 
-0.089722 -0.085327 -0.104980 -0.102417 -0.092041 -0.089355 -0.135132 
-0.025299 -0.029572 -0.059784 -0.048553 -0.031708 -0.044037 -0.065796 
-0.018341 -0.008331 -0.043182 -0.030304 -0.012482 -0.025970 -0.067627 
-0.016998 -0.008331 -0.048859 -0.034637 -0.021515 -0.031342 -0.063721 
-0.011932 -0.002533 -0.071777 -0.060699 -0.051788 -0.012299 -0.068726 
-0.087158 -0.101562 -0.152466 -0.153564 -0.159546 -0.130859 -0.169067 

0.140381 0.189575 0.206665 0.209106 0.198364 0.212769 0.105835 
0.097229 0.171387 0.180786 0.171875 0.154907 0.187500 0.100952 
0.147705 0.197876 0.207520 0.194946 0.171265 0.210693 0.094238 
0.159180 0.201904 0.209961 0.192627 0.166504 0.210571 0.099060 
0.157959 0.193848 0.212769 0.192017 0.166748 0.203003 0.095703 
0.173828 0.143555 0.204590 0.185181 0.166748 0.167725 0.121887 
0.109985 0.101685 0.148315 0.141479 0.135254 0.116150 0.067383 

0.035339 -0.019531 -0.087402 -0.084595 -0.086304 -0.025269 0.030273 
-0.052734 -0.082031 -0.134033 -0.127197 -0.145508 -0.123779 -0.016846 
-0.039795 -0.027832 -0.085938 -0.083130 -0.104492 -0.105103 -0.015259 
-0.020752 -0.021606 -0.072876 -0.077271 -0.093872 -0.085205 0.001709 
-0.003540 -0.017700 -0.063354 -0.076416 -0.090942 -0.083862 0.003052 
0.033691 -0.012817 -0.081177 -0.083618 -0.092896 -0.097656 0.002441 
0.034607 -0.073608 -0.120605 -0.126221 -0.134033 -0.087769 0.015198 

-0.077332 -0.022690 -0.055206 -0.052155 -0.047028 0.043518 0.006168 
0.013214 -0.014771 -0.047729 -0.051331 -0.033081 0.060120 0.043152 
-0.049500 -0.075928 -0.088562 -0.086426 -0.081360 0.004734 -0.040039 
-0.054443 -0.063293 -0.073853 -0.065369 -0.064270 0.008270 -0.046753 
-0.064697 -0.052612 -0.098083 -0.078064 -0.080872 -0.000019 -0.047852 
-0.097961 -0.031235 -0.104187 -0.087036 -0.082458 0.049286 -0.042847 
-0.114441 0.030106 0.001263 0.012680 0.016647 0.096252 -0.014160 

0.387207 0.196289 0.259766 0.274414 0.252930 0.171143 0.335449 
0.248535 0.038330 0.044189 0.050537 0.042725 0.019043 0.193848 
0.249512 0.114014 0.133545 0.137451 0.118896 0.078613 0.191406 
0.252441 0.111084 0.138428 0.132324 0.117676 0.083008 0.187012 
0.273438 0.128418 0.170410 0.157715 0.147217 0.105225 0.193848 
0.297852 0.127197 0.156006 0.142334 0.142090 0.103027 0.198730 
0.470703 0.309570 0.334961 0.330078 0.314941 0.257324 0.383789 

-0.039917 -0.186890 -0.219604 -0.221558 -0.229126 -0.223267 -0.052490 
0.030762 -0.005371 -0.036865 -0.020142 -0.042114 -0.087646 -0.003784 
-0.005127 -0.036987 -0.066772 -0.054932 -0.074463 -0.130005 -0.067139 
-0.023804 -0.057983 -0.099731 -0.097290 -0.104858 -0.146118 -0.079956 
-0.020508 -0.060669 -0.090088 -0.096802 -0.098755 -0.140991 -0.080078 
-0.020508 -0.083984 -0.115234 -0.129272 -0.132446 -0.176147 -0.097412 
-0.076416 -0.096436 -0.125366 -0.139282 -0.139771 -0.139526 -0.089355 

0.094482 0.158203 0.219116 0.230469 0.222290 0.097107 0.095276 
0.207275 0.239502 0.303223 0.302002 0.284180 0.166260 0.094055 
0.276367 0.315186 0.375977 0.378906 0.369141 0.261230 0.187500 
0.299316 0.347656 0.424072 0.428467 0.416748 0.289307 0.206543 
0.300293 0.344238 0.406494 0.407715 0.397217 0.281494 0.191895 
0.275635 0.319336 0.407959 0.416748 0.404297 0.226929 0.176392 
0.250977 0.324219 0.405762 0.414795 0.398926 0.240601 0.203125 

-0.060791 -0.080566 -0.066284 -0.054382 -0.069580 -0.103516 -0.113586 
0.058289 0.037720 0.017639 0.013000 0.005249 0.032227 -0.064697 
0.175903 0.132324 0.083618 0.072632 0.060181 0.091431 0.013428 
0.193726 0.145630 0.102417 0.087646 0.088867 0.113770 0.025146 
0.180664 0.121094 0.083374 0.064941 0.066528 0.099243 0.019348 
0.157227 0.066895 0.042725 0.019836 0.017822 0.081787 0.016235 
0.143555 0.114502 0.094604 0.087402 0.084351 0.102173 0.056519 

0.007202 0.104431 0.091187 0.095703 0.094116 0.145630 0.002441 
0.140381 0.156006 0.101318 0.086060 0.093201 0.173462 0.086975 
0.223145 0.212891 0.151001 0.136963 0.153198 0.222778 0.133545 
0.234253 0.220947 0.159668 0.145630 0.161621 0.213989 0.128662 
0.238037 0.214600 0.159424 0.145020 0.159912 0.215088 0.137207 
0.196289 0.186768 0.179443 0.176392 0.174316 0.190918 0.123962 
0.043213 0.178955 0.145264 0.153564 0.152344 0.166260 0.040894 

0.080078 0.040344 0.056976 0.045441 0.060822 0.058929 0.119629 
0.101807 0.138550 0.086670 0.080811 0.096680 0.090088 0.148315 
0.125854 0.138550 0.152100 0.145386 0.159180 0.109131 0.223511 
0.127930 0.135132 0.143066 0.136963 0.145020 0.098755 0.216919 
0.120850 0.132446 0.146851 0.138062 0.145264 0.099243 0.223267 
0.053925 0.097412 0.071899 0.057831 0.060150 0.070312 0.158569 
0.019165 0.120239 0.084839 0.071045 0.072021 0.088135 0.067505 

0.029144 0.050568 0.047638 0.053986 0.049896 0.037018 -0.012512 
0.030731 0.064453 0.062622 0.067505 0.067017 0.071655 0.008057 
0.088013 0.137817 0.149902 0.157227 0.159424 0.155151 0.056732 
0.097290 0.155151 0.168701 0.176514 0.178589 0.173706 0.065308 
0.094482 0.159424 0.170776 0.180786 0.181763 0.175781 0.067749 
0.058807 0.126953 0.135132 0.135132 0.137939 0.146118 0.039825 
0.057465 0.062622 0.065186 0.067139 0.067261 0.065552 0.013794 

0.049927 0.029541 0.023682 0.017822 0.017700 0.005371 0.080933 
-0.019165 0.009521 0.024902 0.022217 0.026733 0.009766 0.060913 
0.022339 0.065796 0.086182 0.084595 0.084106 0.054199 0.101929 
0.026489 0.073486 0.084839 0.083008 0.081299 0.052002 0.102905 
0.039307 0.101196 0.111694 0.117065 0.112915 0.082397 0.120239 
-0.052002 0.009521 0.026001 0.039185 0.037720 0.024292 0.069092 
0.042969 0.103394 0.108521 0.112427 0.117554 0.119751 0.130737 

-0.053070 -0.091309 -0.127930 -0.128174 -0.131836 -0.105713 -0.063599 
-0.020386 -0.030121 -0.083130 -0.079102 -0.088379 -0.061066 -0.030060 
-0.048981 -0.032074 -0.087646 -0.085938 -0.101074 -0.082764 -0.077148 
-0.041534 -0.024048 -0.081909 -0.082886 -0.094360 -0.075806 -0.073120 
-0.037628 -0.027863 -0.080322 -0.084961 -0.089844 -0.071655 -0.066650 
-0.036285 -0.037567 -0.090942 -0.101440 -0.102661 -0.071655 -0.056671 
-0.020294 0.005234 -0.044403 -0.046051 -0.038300 0.000977 -0.033539 

0.049622 0.121277 0.116333 0.128174 0.133179 0.158203 0.084412 
0.197266 0.218262 0.219727 0.217529 0.220825 0.236084 0.153442 
0.179443 0.222412 0.234619 0.229004 0.226196 0.244873 0.160522 
0.190918 0.237061 0.246826 0.243896 0.237061 0.255859 0.168701 
0.178467 0.220093 0.219238 0.219482 0.216309 0.244995 0.157227 
0.159912 0.179932 0.179932 0.192627 0.193848 0.189697 0.149780 
0.016418 0.078552 0.086670 0.100098 0.092285 0.084351 0.021057 

-0.013115 -0.029861 0.007614 0.009750 0.013809 0.049988 0.037598 
0.061707 0.017044 0.042786 0.039917 0.045471 0.083435 0.116028 
0.104309 0.064636 0.104553 0.105896 0.121765 0.149414 0.148560 
0.112366 0.084412 0.122131 0.135132 0.146606 0.171143 0.162598 
0.107239 0.078430 0.102478 0.120544 0.131592 0.158691 0.158325 
0.093384 0.095642 0.115173 0.126831 0.126221 0.173096 0.152954 
0.129028 0.127563 0.147217 0.153687 0.153687 0.193359 0.204712 

-0.097839 -0.070129 -0.087769 -0.075317 -0.079407 -0.083801 -0.072693 
-0.099976 -0.102417 -0.097107 -0.103271 -0.092590 -0.035187 -0.015244 
-0.087769 -0.121460 -0.106628 -0.112061 -0.098816 -0.027466 0.031097 
-0.093872 -0.121704 -0.093262 -0.083374 -0.084961 -0.015076 0.031525 
-0.092163 -0.137451 -0.115723 -0.102783 -0.105042 -0.032349 0.023010 
-0.063965 -0.064575 -0.064026 -0.049500 -0.045868 0.023743 0.041931 
0.025909 0.045593 0.019348 0.025146 0.010651 0.094177 0.059448 

0.064270 0.043396 0.097351 0.085144 0.094971 0.117432 0.118530 
-0.013153 -0.000046 0.070679 0.055725 0.070801 0.081421 0.054504 
-0.026398 -0.009216 0.044952 0.038696 0.055420 0.080872 0.038574 
-0.028046 -0.007866 0.048889 0.052612 0.051880 0.085083 0.031799 
-0.037781 -0.006676 0.031372 0.045807 0.042297 0.070984 0.031036 
-0.049561 -0.001038 0.026550 0.045441 0.050110 0.084839 0.018646 
-0.005814 -0.014595 0.027985 0.031555 0.034485 0.040619 0.103210 

0.181885 0.173096 0.213135 0.214600 0.227783 0.208008 0.086365 
0.093933 0.081726 0.111389 0.113586 0.105652 0.142456 -0.009445 
0.079041 0.050415 0.102234 0.108826 0.098267 0.112488 -0.028122 
0.090881 0.057434 0.093933 0.108459 0.087219 0.094971 -0.031769 
0.074402 0.061646 0.077576 0.103943 0.077576 0.087952 -0.043304 
0.032959 0.023056 0.051086 0.084045 0.055664 0.068176 -0.051086 
0.071411 -0.015335 -0.001953 0.009811 0.001328 -0.003296 0.004623 

-0.172119 -0.065674 -0.005676 -0.011841 0.014633 -0.081543 -0.272461 
0.038300 0.007225 0.053131 0.032013 0.050751 -0.003204 -0.137207 
0.063538 0.008865 0.071777 0.071167 0.083130 0.026093 -0.131592 
0.073242 0.034058 0.106750 0.103760 0.114929 0.035065 -0.128906 
0.079834 0.050537 0.115906 0.123474 0.134033 0.049866 -0.109436 
0.099792 0.057465 0.096558 0.093811 0.101501 0.050018 -0.073608 
-0.166016 -0.058838 -0.015778 -0.028229 -0.024597 -0.067688 -0.315430 

0.108887 -0.049561 -0.041565 -0.041992 -0.044403 -0.083496 0.258301 
-0.003998 -0.289062 -0.260010 -0.278809 -0.269531 -0.247437 0.131958 
0.020752 -0.254150 -0.249268 -0.277100 -0.244629 -0.188354 0.148804 
0.018311 -0.273193 -0.252930 -0.282715 -0.248901 -0.191406 0.131470 
0.001160 -0.293945 -0.282715 -0.309082 -0.271973 -0.212158 0.117798 
-0.002258 -0.196411 -0.195557 -0.225220 -0.206421 -0.149902 0.139526 
0.169922 -0.034973 -0.033234 -0.047760 -0.041809 -0.016052 0.241699 

-0.077637 -0.125977 -0.121033 -0.124268 -0.117065 -0.088257 -0.094727 
-0.121399 -0.160400 -0.152954 -0.156128 -0.141357 -0.111938 -0.150391 
-0.109497 -0.157471 -0.147217 -0.143677 -0.134277 -0.095215 -0.140015 
-0.109924 -0.156494 -0.151489 -0.143433 -0.140625 -0.101379 -0.146973 
-0.125244 -0.162354 -0.163086 -0.150146 -0.149170 -0.110046 -0.152100 
-0.159424 -0.183350 -0.179688 -0.166870 -0.166260 -0.143555 -0.165649 
-0.133423 -0.193726 -0.193604 -0.189819 -0.193970 -0.187744 -0.154785 

0.051392 0.071899 0.071533 0.079712 0.072388 0.043701 -0.020203 
0.070435 0.086304 0.084473 0.093140 0.087646 0.048828 -0.005676 
0.058716 0.057617 0.062988 0.071411 0.062378 0.028687 -0.010254 
0.061157 0.057617 0.063599 0.069824 0.062622 0.029297 -0.007141 
0.061157 0.061646 0.071045 0.075317 0.067505 0.031616 -0.006226 
0.061401 0.087891 0.093872 0.101562 0.096191 0.044189 -0.012207 
0.000916 0.041748 0.054810 0.060425 0.061157 0.018250 -0.044098 

-0.060913 -0.032837 -0.049072 -0.054688 -0.035767 0.003235 0.035095 
-0.077637 -0.058350 -0.025879 -0.038696 -0.015137 -0.028442 -0.030212 
-0.140381 -0.126465 -0.093750 -0.096680 -0.073120 -0.088989 -0.066650 
-0.146973 -0.119507 -0.078491 -0.076538 -0.065063 -0.097656 -0.073608 
-0.167603 -0.135010 -0.113892 -0.103638 -0.086792 -0.104980 -0.084717 
-0.197876 -0.155762 -0.147705 -0.138550 -0.126099 -0.123901 -0.096558 
-0.199829 -0.179077 -0.181519 -0.186401 -0.178101 -0.156128 -0.122925 

0.128052 0.060303 0.087036 0.078613 0.076172 0.035522 0.066040 
0.101807 0.042480 0.093262 0.080688 0.080322 0.040894 -0.007446 
0.107056 0.025024 0.099243 0.092896 0.094482 0.005615 -0.014526 
0.108276 0.019897 0.091431 0.084106 0.081299 -0.008301 -0.017822 
0.094849 0.014282 0.084839 0.081787 0.078125 -0.013733 -0.027649 
0.005127 -0.069275 -0.051270 -0.051941 -0.059265 -0.054443 -0.067749 
0.066772 -0.008301 0.009399 0.000122 -0.002319 0.000000 0.026978 

-0.073730 -0.102417 -0.089111 -0.087036 -0.087280 -0.118774 -0.071045 
-0.028458 -0.070557 -0.046875 -0.045593 -0.048615 -0.042297 -0.023468 
0.006790 -0.026031 -0.009567 -0.015083 -0.016968 -0.009995 -0.004215 
0.017349 -0.013725 0.006218 0.001038 -0.003296 0.001968 -0.000660 
0.012833 -0.016571 0.002258 -0.003227 -0.009666 0.001663 0.000122 
0.016602 -0.018402 -0.007240 -0.011032 -0.015472 -0.015572 -0.012833 
0.001663 -0.017090 -0.007996 -0.007191 -0.014755 -0.027466 -0.031494 

0.068359 -0.005280 -0.060608 -0.055023 -0.072571 0.030106 0.087036 
0.080505 0.020157 -0.039368 -0.035583 -0.048096 0.045959 0.012527 
0.081238 0.016037 -0.061707 -0.064758 -0.087402 -0.011307 -0.007370 
0.072876 -0.016022 -0.084595 -0.097778 -0.113159 -0.030319 -0.012512 
0.075806 -0.025055 -0.077454 -0.098572 -0.109192 -0.035248 -0.016449 
-0.015778 -0.105225 -0.184204 -0.208984 -0.211670 -0.120117 -0.082703 
0.076904 -0.029709 -0.081665 -0.097046 -0.105713 -0.014206 0.111145 

-0.199951 -0.235229 -0.260986 -0.270508 -0.256348 -0.188232 -0.153564 
-0.205566 -0.191772 -0.210327 -0.216064 -0.186035 -0.189697 -0.181641 
-0.180420 -0.208740 -0.235107 -0.232422 -0.200806 -0.199463 -0.174072 
-0.171509 -0.187988 -0.223022 -0.204346 -0.180786 -0.197021 -0.167236 
-0.176147 -0.168091 -0.222534 -0.198975 -0.179688 -0.195801 -0.160889 
-0.223633 -0.176636 -0.250977 -0.237549 -0.228638 -0.181519 -0.215576 
-0.117859 -0.139893 -0.207886 -0.201904 -0.185913 -0.155029 -0.077698 

-0.081787 -0.000366 -0.017090 -0.019531 -0.029541 -0.038086 -0.157715 
-0.001343 0.121643 0.060425 0.076538 0.068604 0.100586 -0.065430 
0.025513 0.187256 0.066040 0.061401 0.061401 0.159180 -0.083740 
0.028076 0.170898 0.059814 0.039429 0.062378 0.181885 -0.071777 
0.059326 0.188477 0.114868 0.072998 0.097656 0.203979 -0.053223 
0.092285 0.225830 0.208740 0.170166 0.197876 0.197876 -0.024902 
0.120667 0.175781 0.114746 0.094727 0.100952 0.106689 0.026855 

0.093384 -0.010864 -0.002373 -0.003128 -0.013107 -0.024017 -0.019180 
-0.060242 -0.169312 -0.165039 -0.166504 -0.176758 -0.130737 -0.238892 
-0.068237 -0.169800 -0.139648 -0.154663 -0.172241 -0.166870 -0.273193 
-0.087830 -0.207764 -0.179321 -0.215820 -0.214722 -0.204956 -0.296143 
-0.076233 -0.224243 -0.172485 -0.224487 -0.213623 -0.200195 -0.291260 
-0.137207 -0.289062 -0.268799 -0.302490 -0.289551 -0.281982 -0.316406 
-0.017334 -0.199341 -0.188477 -0.203369 -0.196655 -0.183472 -0.138306 

-0.152588 -0.075317 -0.039551 -0.027161 -0.024414 -0.066162 -0.133545 
-0.151855 -0.047546 -0.027283 -0.017151 -0.018921 -0.067261 -0.142822 
-0.126709 -0.072754 -0.042664 -0.036194 -0.036621 -0.085938 -0.112366 
-0.118774 -0.066101 -0.039307 -0.024597 -0.026978 -0.081299 -0.103394 
-0.121094 -0.059296 -0.038452 -0.024841 -0.034180 -0.090942 -0.108582 
-0.167603 -0.078918 -0.045837 -0.030518 -0.038818 -0.100708 -0.133667 
-0.183105 -0.145020 -0.132080 -0.120911 -0.120361 -0.148438 -0.158203 

0.225342 0.031982 0.096680 0.074951 0.090576 0.111328 0.100342 
-0.069824 -0.174072 -0.085571 -0.092773 -0.072998 -0.078735 -0.155762 
-0.089844 -0.206055 -0.130249 -0.124756 -0.115112 -0.104370 -0.144531 
-0.114868 -0.202515 -0.136230 -0.119263 -0.125488 -0.125000 -0.154663 
-0.112305 -0.188354 -0.152710 -0.122070 -0.130615 -0.138428 -0.169434 
-0.066528 -0.155029 -0.111084 -0.068604 -0.075073 -0.089111 -0.151855 
0.142578 -0.108276 -0.072632 -0.067261 -0.065796 -0.074585 0.052002 

-0.041565 -0.047058 -0.078979 -0.074097 -0.085938 -0.124512 -0.112976 
0.048706 -0.006836 -0.024170 -0.010071 -0.026550 -0.069336 -0.080322 
0.095825 0.027100 0.035400 0.045532 0.030151 -0.058411 -0.043457 
0.096558 0.011963 0.037231 0.046875 0.038452 -0.052612 -0.036133 
0.106323 0.001587 0.041870 0.040894 0.029541 -0.059631 -0.042664 
0.125977 -0.018188 0.007935 0.009521 0.004395 -0.058411 -0.012878 
0.107056 0.075439 0.090332 0.089233 0.087891 0.073730 0.054688 

0.223267 0.122803 0.116089 0.124146 0.111206 0.064819 -0.008240 
0.163452 0.026367 0.019409 0.022079 -0.000305 -0.046234 -0.101929 
0.147583 0.006409 0.005463 0.000732 -0.025665 -0.035675 -0.118530 
0.155396 0.007172 0.018524 0.007050 -0.015320 -0.033722 -0.117188 
0.167114 -0.007446 -0.000702 -0.023834 -0.042572 -0.048248 -0.121948 
0.251953 0.114502 0.132690 0.123413 0.110229 0.064575 -0.006104 
0.186279 0.085938 0.082458 0.080444 0.063843 0.021347 0.011780 

-0.189697 -0.297119 -0.307617 -0.322266 -0.315430 -0.250000 -0.210693 
-0.252930 -0.321777 -0.323486 -0.335449 -0.324219 -0.214111 -0.250488 
-0.232666 -0.316895 -0.309326 -0.316895 -0.302734 -0.202637 -0.221191 
-0.231323 -0.310547 -0.302246 -0.300781 -0.295166 -0.197266 -0.203125 
-0.221191 -0.304199 -0.306641 -0.300293 -0.299805 -0.198730 -0.196411 
-0.153442 -0.213379 -0.194946 -0.189575 -0.189209 -0.107239 -0.145386 
-0.121338 -0.175415 -0.168945 -0.173340 -0.177002 -0.151001 -0.135132 

0.349365 0.291016 0.297119 0.322510 0.317627 0.291504 0.470947 
0.365967 0.225342 0.239746 0.256592 0.244385 0.211670 0.476318 
0.333496 0.245605 0.264404 0.290039 0.268799 0.232666 0.445557 
0.327393 0.258301 0.266357 0.292969 0.273682 0.259277 0.467041 
0.331787 0.254639 0.251709 0.281006 0.252686 0.245605 0.459717 
0.244141 0.106995 0.107483 0.145264 0.113098 0.160645 0.416748 
0.243896 0.148926 0.193115 0.207764 0.193359 0.196777 0.419434 

-0.078247 -0.032410 -0.061432 -0.052002 -0.060211 -0.049072 -0.104980 
-0.109192 -0.045227 -0.077026 -0.067261 -0.079590 -0.096924 -0.148438 
-0.083496 -0.011963 -0.052246 -0.049072 -0.063538 -0.065552 -0.145752 
-0.072754 -0.008972 -0.045410 -0.052277 -0.053162 -0.056213 -0.145996 
-0.059601 -0.009827 -0.031555 -0.049103 -0.044250 -0.049713 -0.128784 
0.000549 0.047607 0.037842 0.010925 0.021118 -0.019287 -0.072632 
-0.042725 -0.000244 -0.013184 -0.023071 -0.016113 -0.037598 -0.115234 

0.064819 0.072144 0.067749 0.064941 0.053711 0.038940 0.031158 
0.038483 0.075439 0.070862 0.064148 0.067322 0.095825 0.022278 
0.121094 0.164185 0.138916 0.144409 0.138916 0.178223 0.077332 
0.131470 0.175171 0.152954 0.159302 0.157593 0.194214 0.090942 
0.136353 0.181885 0.155640 0.160400 0.152466 0.191284 0.098694 
0.030212 0.056274 0.025940 0.013229 0.013840 0.071228 0.019897 
0.156860 0.182495 0.168579 0.161987 0.160278 0.179199 0.106384 

-0.140137 0.107422 0.092529 0.105469 0.091309 0.011719 -0.318848 
0.159912 0.400635 0.388184 0.399902 0.380859 0.295410 0.030762 
0.168457 0.457275 0.446289 0.442627 0.423340 0.312988 0.069092 
0.156982 0.410645 0.416748 0.397949 0.391602 0.302002 0.053955 
0.167969 0.395752 0.438965 0.401611 0.405762 0.318359 0.071045 
0.145996 0.355469 0.397949 0.363770 0.372070 0.279053 0.012695 
-0.131836 -0.054199 -0.052246 -0.063477 -0.057129 -0.141602 -0.303223 

0.206665 0.095215 0.048279 0.043274 0.044373 0.126099 0.163940 
0.234131 0.072205 0.029312 0.029053 0.032288 0.111816 0.166626 
0.148682 -0.007965 -0.046051 -0.051849 -0.050140 0.046021 0.074341 
0.149292 -0.007172 -0.050079 -0.054230 -0.049774 0.047943 0.072021 
0.154663 0.001556 -0.041046 -0.041351 -0.041901 0.054382 0.078369 
0.184937 0.045197 -0.002289 -0.011475 -0.016846 0.079468 0.116943 
0.147583 0.024689 -0.005981 -0.010834 -0.015350 0.071899 0.129395 

0.465332 0.259766 0.265625 0.266602 0.262207 0.271484 0.638184 
0.372070 0.095947 0.070312 0.055786 0.064697 0.095215 0.464355 
0.506348 0.195923 0.182007 0.182007 0.194458 0.203735 0.562500 
0.534668 0.234741 0.221802 0.224487 0.229614 0.242310 0.585938 
0.521973 0.231567 0.205933 0.214966 0.221802 0.239136 0.583008 
0.444824 0.151733 0.089233 0.101318 0.100952 0.155640 0.543945 
0.580078 0.347656 0.316406 0.330078 0.315918 0.376465 0.670410 

0.024841 0.072693 0.085083 0.077881 0.073425 0.055817 -0.068909 
-0.095154 0.026245 0.055725 0.045227 0.047607 0.002930 -0.127441 
-0.111877 -0.008972 0.015686 0.004456 0.009033 -0.041321 -0.143311 
-0.112244 -0.009949 0.016296 0.008301 0.009766 -0.041443 -0.143799 
-0.113708 -0.011902 0.019165 0.008667 0.008972 -0.045959 -0.150146 
-0.098816 0.005371 0.039978 0.037354 0.038879 -0.011169 -0.128662 
-0.062317 -0.000427 0.021912 0.021729 0.020752 0.003662 -0.093079 

0.013916 0.061890 0.074707 0.076782 0.074219 0.147949 0.136719 
-0.002441 0.067139 0.046631 0.044434 0.040161 0.151123 0.148438 
0.000244 0.086304 0.049683 0.041992 0.038208 0.180542 0.164551 
0.008057 0.097290 0.064087 0.051025 0.043945 0.191895 0.179443 
0.014160 0.100342 0.061401 0.048828 0.044189 0.194824 0.190918 
0.123047 0.203857 0.179443 0.168457 0.171143 0.266602 0.269287 
-0.048340 -0.012695 -0.025635 -0.023193 -0.027344 0.070312 0.095459 

0.184082 0.133179 0.137573 0.132202 0.133545 0.091675 0.085205 
0.212646 0.112671 0.098511 0.100464 0.101929 0.030197 0.048523 
0.193115 0.071045 0.079102 0.086243 0.076904 -0.016907 0.047638 
0.200073 0.076172 0.091797 0.103760 0.086670 -0.010681 0.047791 
0.178223 0.071045 0.074219 0.086792 0.070435 -0.019806 0.038513 
0.102051 0.043762 0.083374 0.096680 0.065186 -0.015350 0.002579 
-0.015930 -0.011688 0.030609 0.040405 0.017990 -0.054413 -0.103027 

0.067139 0.137207 0.129272 0.121338 0.130127 0.197388 0.156250 
0.081299 0.168457 0.145630 0.135620 0.135254 0.165894 0.164917 
0.062042 0.173462 0.161011 0.151733 0.151733 0.176514 0.140625 
0.057220 0.184204 0.167603 0.163574 0.154541 0.176636 0.138062 
0.061859 0.196655 0.169067 0.176147 0.169556 0.190552 0.150513 
0.116577 0.257080 0.239136 0.239868 0.240845 0.268311 0.197388 
0.122437 0.240601 0.187378 0.177490 0.182251 0.218872 0.151611 

-0.064148 0.038269 0.074951 0.074402 0.068054 0.015320 -0.016357 
-0.033813 0.102539 0.126709 0.126465 0.128906 0.052124 0.026825 
0.008514 0.126221 0.145264 0.150757 0.153320 0.096558 0.064941 
0.013428 0.133789 0.161377 0.168823 0.169189 0.116943 0.081360 
0.005066 0.119629 0.158691 0.156860 0.158813 0.110901 0.078125 
-0.021667 0.099548 0.165161 0.166382 0.170044 0.097961 0.088257 
-0.094666 0.001648 0.045593 0.057800 0.061768 -0.003601 -0.051086 

0.115479 0.107849 0.101074 0.099609 0.100586 0.099243 0.157593 
0.125732 0.126221 0.109192 0.111877 0.117371 0.125244 0.142822 
0.126831 0.121887 0.111694 0.113647 0.119629 0.132202 0.162109 
0.123413 0.119690 0.110718 0.112000 0.120483 0.133545 0.166626 
0.123108 0.112305 0.102295 0.101013 0.109131 0.123169 0.161011 
0.121460 0.115723 0.110535 0.109009 0.115723 0.130493 0.163818 
0.121948 0.117432 0.107788 0.106384 0.105835 0.113098 0.157715 

-0.028442 -0.079224 -0.080444 -0.094727 -0.078369 0.000488 0.099365 
-0.150269 -0.235962 -0.223267 -0.231567 -0.208374 -0.128296 -0.098877 
-0.204956 -0.281738 -0.248169 -0.240601 -0.215210 -0.145386 -0.137817 
-0.202026 -0.281738 -0.248901 -0.229370 -0.216187 -0.149536 -0.139526 
-0.195679 -0.268555 -0.253418 -0.220093 -0.214478 -0.153198 -0.138306 
-0.148560 -0.186646 -0.234497 -0.196411 -0.186401 -0.104004 -0.081055 
0.022339 -0.061523 -0.092896 -0.086060 -0.082520 -0.012024 0.114563 

-0.096924 -0.066650 -0.062286 -0.055634 -0.053253 -0.089722 -0.110840 
-0.029144 -0.021423 -0.031281 -0.028290 -0.029510 -0.056854 -0.061737 
-0.047211 -0.066284 -0.065674 -0.062408 -0.062744 -0.092896 -0.060516 
-0.044647 -0.065430 -0.057892 -0.052338 -0.053925 -0.087280 -0.055206 
-0.039215 -0.059235 -0.053131 -0.052277 -0.055511 -0.090210 -0.056305 
-0.007294 -0.023499 -0.023041 -0.017212 -0.025543 -0.082031 -0.043671 
-0.102905 -0.115234 -0.099487 -0.096313 -0.096069 -0.145264 -0.117310 

-0.033539 0.026657 -0.018585 -0.007172 -0.020782 -0.004517 -0.051422 
-0.046783 0.111816 0.062683 0.081360 0.081299 0.062805 -0.007782 
-0.071045 0.098450 0.026855 0.040527 0.042908 0.038452 -0.047394 
-0.067139 0.086182 0.020813 0.021362 0.036377 0.037781 -0.047150 
-0.044830 0.099976 0.059875 0.049652 0.071960 0.066895 -0.027802 
0.034302 0.150757 0.108765 0.096313 0.107544 0.090210 0.012207 
-0.036957 0.063232 0.036194 0.030289 0.035797 0.027603 -0.057526 

-0.050415 -0.093750 -0.091064 -0.087036 -0.081909 -0.093750 -0.073120 
-0.119629 -0.183350 -0.186523 -0.187500 -0.180176 -0.174561 -0.116699 
-0.139404 -0.206299 -0.198853 -0.195435 -0.192139 -0.194580 -0.149170 
-0.135010 -0.190552 -0.190674 -0.192627 -0.179443 -0.178955 -0.138550 
-0.128906 -0.176758 -0.170654 -0.176270 -0.159546 -0.162354 -0.123657 
-0.156250 -0.200073 -0.211426 -0.217773 -0.205078 -0.198975 -0.157715 
-0.114746 -0.113159 -0.124390 -0.127441 -0.118164 -0.087646 -0.100708 

0.280029 0.219727 0.190674 0.186279 0.178711 0.213623 0.244873 
0.228760 0.197754 0.187500 0.174805 0.167480 0.181641 0.148926 
0.312012 0.261963 0.245117 0.223877 0.220947 0.240479 0.155518 
0.317139 0.249023 0.231201 0.210205 0.210449 0.242432 0.162842 
0.333740 0.245117 0.237793 0.213623 0.211914 0.247070 0.161133 
0.395752 0.286621 0.288086 0.263672 0.264648 0.270264 0.252197 
0.511719 0.413574 0.390625 0.389160 0.387695 0.429199 0.496826 

-0.155151 -0.081238 -0.067322 -0.064148 -0.060699 -0.076050 -0.162964 
-0.115234 -0.060974 -0.052429 -0.048370 -0.050323 -0.093384 -0.158325 
-0.147583 -0.110046 -0.097290 -0.091614 -0.096313 -0.135376 -0.172241 
-0.151733 -0.109558 -0.101990 -0.100647 -0.101807 -0.138672 -0.179810 
-0.147095 -0.104614 -0.098938 -0.100525 -0.098328 -0.132324 -0.171265 
-0.130371 -0.061707 -0.066467 -0.073608 -0.072998 -0.099792 -0.164673 
-0.188721 -0.133301 -0.114258 -0.111023 -0.108521 -0.145874 -0.224365 

-0.204956 -0.158325 -0.193970 -0.183960 -0.192017 -0.200928 -0.307617 
-0.129761 -0.065674 -0.153442 -0.125732 -0.135986 -0.098267 -0.257324 
-0.152466 -0.039978 -0.172363 -0.134033 -0.132568 -0.100586 -0.260498 
-0.162354 -0.072205 -0.194214 -0.168945 -0.158569 -0.105225 -0.243530 
-0.146606 -0.058594 -0.161499 -0.142578 -0.128418 -0.078674 -0.224243 
-0.083862 -0.041443 -0.144409 -0.130981 -0.129150 -0.083740 -0.168701 
0.002930 0.027161 -0.044434 -0.030457 -0.023087 -0.034760 -0.126709 

0.124084 0.083130 0.075928 0.083801 0.070679 0.032745 0.014343 
0.054230 0.113403 0.103699 0.101807 0.085999 0.087036 0.010529 
0.086426 0.116699 0.047058 0.048096 0.027802 0.109009 -0.004089 
0.088257 0.111816 0.047485 0.040771 0.028931 0.097290 0.000916 
0.096741 0.128418 0.072632 0.054504 0.053345 0.116821 0.024323 
0.201416 0.265869 0.231445 0.201904 0.195068 0.211670 0.104248 
0.082520 0.096008 0.087097 0.076477 0.061066 0.074097 -0.002319 

-0.006104 -0.047791 -0.062683 -0.066956 -0.068298 -0.051819 -0.025940 
0.031342 0.033936 0.002014 0.017151 0.004089 0.027985 -0.032959 
0.035339 0.091492 0.065735 0.071594 0.064880 0.086975 -0.016479 
0.031860 0.079834 0.061646 0.062439 0.062866 0.088257 -0.016968 
0.041321 0.081726 0.081604 0.072754 0.071838 0.097351 -0.002197 
0.034668 0.055786 0.041626 0.028625 0.028076 0.054840 0.009949 
0.163574 0.117493 0.090820 0.086487 0.076294 0.103882 0.114197 

0.371582 0.342285 0.400879 0.403076 0.396240 0.350098 0.414307 
0.363281 0.387451 0.437012 0.445801 0.439941 0.395752 0.404053 
0.337891 0.369629 0.385742 0.392090 0.394531 0.382812 0.380371 
0.332275 0.372559 0.396973 0.405273 0.398926 0.388184 0.392090 
0.338135 0.390625 0.408691 0.421631 0.420410 0.398682 0.394043 
0.310059 0.320557 0.323730 0.341064 0.335938 0.340820 0.395264 
0.448730 0.349854 0.341309 0.352051 0.348145 0.343262 0.484375 

-0.224976 -0.199829 -0.196167 -0.195435 -0.189331 -0.197144 -0.115845 
-0.153198 -0.183472 -0.209351 -0.215698 -0.193237 -0.149048 -0.096558 
-0.181030 -0.232788 -0.266602 -0.273926 -0.249390 -0.228882 -0.131226 
-0.178833 -0.230591 -0.256348 -0.257812 -0.233521 -0.220337 -0.127563 
-0.171753 -0.230347 -0.258301 -0.261719 -0.241333 -0.223999 -0.126831 
-0.149048 -0.161499 -0.166870 -0.166138 -0.151245 -0.146362 -0.065796 
-0.138794 -0.080688 -0.090942 -0.092651 -0.085571 -0.093140 -0.068970 

-0.144897 -0.109009 -0.121460 -0.118530 -0.115845 -0.136108 -0.241333 
-0.125854 -0.088623 -0.087769 -0.092773 -0.081177 -0.070801 -0.164429 
-0.143921 -0.100464 -0.069946 -0.067749 -0.057739 -0.067017 -0.140503 
-0.136597 -0.086182 -0.061523 -0.052490 -0.043335 -0.070312 -0.134888 
-0.146118 -0.099609 -0.080566 -0.065918 -0.054932 -0.078003 -0.139282 
-0.123901 -0.096924 -0.092651 -0.075439 -0.074707 -0.072998 -0.125366 
-0.159302 -0.057861 -0.048218 -0.042847 -0.041748 -0.060303 -0.133667 

-0.234253 -0.221069 -0.225464 -0.237915 -0.223999 -0.125610 -0.198608 
-0.176392 -0.210327 -0.239136 -0.261719 -0.240112 -0.143921 -0.138794 
-0.162964 -0.176636 -0.237427 -0.252930 -0.217163 -0.110962 -0.103394 
-0.159546 -0.175903 -0.234985 -0.238403 -0.213989 -0.098022 -0.089355 
-0.156616 -0.165894 -0.235229 -0.230103 -0.217163 -0.094116 -0.092651 
-0.101196 -0.139771 -0.224731 -0.223755 -0.210815 -0.087891 -0.053467 
-0.241821 -0.218628 -0.291016 -0.296875 -0.284668 -0.157104 -0.179810 

0.116760 0.066833 0.085510 0.083557 0.085999 0.107117 0.151855 
0.069153 0.032471 0.045532 0.044373 0.049622 0.081726 0.117737 
0.041138 0.018311 0.045410 0.041565 0.043518 0.063538 0.095520 
0.039856 0.015259 0.043152 0.038025 0.038574 0.059143 0.092346 
0.046814 0.027832 0.058044 0.052795 0.053772 0.069519 0.098083 
0.079651 0.075500 0.110779 0.104553 0.104553 0.105042 0.096008 
0.018616 -0.024750 0.015930 0.013550 0.012512 0.012512 0.033386 

-0.146240 -0.106201 -0.087402 -0.089600 -0.083008 -0.038452 -0.013916 
-0.114746 -0.037476 -0.019653 -0.023560 -0.019043 0.047363 0.047974 
-0.162109 -0.112061 -0.093506 -0.095947 -0.088379 -0.029053 0.017090 
-0.168701 -0.126709 -0.103271 -0.104004 -0.095947 -0.043823 0.006104 
-0.163330 -0.119629 -0.091553 -0.097656 -0.089844 -0.037231 0.005615 
-0.164551 -0.095459 -0.076660 -0.076660 -0.066162 -0.020020 0.025146 
-0.154297 -0.089600 -0.100586 -0.110840 -0.102539 -0.027466 0.004028 

-0.177246 -0.146606 -0.134888 -0.124268 -0.155273 -0.154785 -0.090454 
-0.219727 -0.087524 -0.091064 -0.074097 -0.095215 -0.096436 -0.143921 
-0.210205 -0.101440 -0.095459 -0.083252 -0.106689 -0.126831 -0.149536 
-0.211670 -0.102661 -0.095947 -0.090210 -0.106445 -0.124023 -0.146973 
-0.212891 -0.114014 -0.091064 -0.095337 -0.108032 -0.120728 -0.146118 
-0.163330 -0.015137 0.004944 -0.016113 -0.022156 -0.038574 -0.106323 
-0.207764 -0.080811 -0.033813 -0.048950 -0.052246 -0.067139 -0.084106 

-0.072754 0.020630 0.069397 0.074341 0.082886 0.022583 -0.054688 
-0.036011 0.037292 0.092041 0.103516 0.103088 0.026733 0.059448 
-0.050659 0.054077 0.108215 0.131104 0.123169 0.039185 0.039795 
-0.041748 0.080566 0.130371 0.156128 0.141846 0.061157 0.045227 
-0.048828 0.079712 0.125732 0.154541 0.143311 0.062500 0.051392 
-0.074463 0.088196 0.119507 0.137817 0.124634 0.054504 0.020996 
-0.090088 -0.068359 -0.018921 -0.013550 -0.009399 -0.091675 -0.082397 

-0.011963 0.014221 0.004944 -0.001587 0.009583 0.048462 0.028503 
-0.005005 0.006775 0.018555 0.015564 0.026978 0.042175 0.044434 
-0.021851 -0.006775 0.019714 0.015930 0.029297 0.040588 0.012268 
-0.029541 -0.013306 0.010559 0.006531 0.020691 0.033447 0.002563 
-0.031250 -0.012207 0.015869 0.015198 0.027222 0.039673 0.005127 
-0.042847 -0.007324 0.004211 0.001709 0.013245 0.033630 0.010498 
0.002258 0.074158 0.081848 0.080444 0.084167 0.107666 0.017395 

-0.042358 -0.100586 -0.099487 -0.102783 -0.104370 -0.124023 -0.056396 
0.054688 -0.038330 -0.069946 -0.064575 -0.077515 -0.046997 0.000610 
0.125732 0.072815 0.038696 0.036560 0.017456 0.010681 0.020142 
0.133423 0.074707 0.045288 0.036621 0.022705 0.020203 0.031860 
0.146851 0.067505 0.055664 0.033752 0.027588 0.022888 0.040771 
0.186523 0.100342 0.095886 0.075928 0.077637 0.059814 0.079102 
0.016479 0.076172 0.062256 0.043823 0.043518 0.037109 0.029419 

-0.076538 -0.026062 -0.029297 -0.030029 -0.026978 -0.012024 -0.062134 
0.025146 0.068726 0.065918 0.057373 0.065674 0.080078 0.011230 
0.008484 0.049469 0.047821 0.044373 0.060852 0.055389 0.010010 
0.007568 0.041840 0.044464 0.040894 0.058289 0.054810 0.013367 
0.004883 0.035461 0.029358 0.026489 0.047058 0.041779 0.013855 
0.065857 0.069885 0.057861 0.049896 0.065674 0.072937 0.059082 
-0.073975 -0.023376 -0.031372 -0.037109 -0.027710 -0.016785 -0.023071 

-0.066162 -0.027283 -0.027832 -0.030884 -0.018616 0.002991 0.133301 
0.044647 0.006195 -0.018066 -0.021973 -0.019775 0.006409 0.165771 
0.076782 0.023087 -0.002716 -0.003357 -0.000214 0.012543 0.181641 
0.080505 0.025436 -0.000793 0.002625 0.004974 0.022156 0.192383 
0.070923 0.028992 -0.011139 -0.002716 -0.001160 0.015564 0.190674 
0.009399 -0.030884 -0.084900 -0.071716 -0.073975 -0.040894 0.150879 
-0.009277 -0.004730 -0.034058 -0.033508 -0.043945 0.013611 0.106140 

-0.172119 -0.203857 -0.326416 -0.342041 -0.360107 -0.283936 -0.124512 
-0.065918 -0.015381 -0.213135 -0.230225 -0.242920 -0.060791 -0.076904 
-0.071045 0.011475 -0.240479 -0.271240 -0.289307 -0.098877 -0.112549 
-0.079590 -0.046631 -0.292236 -0.340088 -0.329346 -0.108887 -0.116211 
-0.045898 -0.022217 -0.239014 -0.299561 -0.278564 -0.078613 -0.097412 
-0.011719 -0.076172 -0.261475 -0.327881 -0.300537 -0.118896 -0.056885 
-0.215088 -0.271729 -0.444580 -0.482178 -0.465088 -0.320557 -0.142822 

0.243408 0.232544 0.229492 0.224365 0.229980 0.215576 0.219116 
0.092712 0.099365 0.112183 0.111206 0.108276 0.103455 0.057007 
0.063110 0.045563 0.031616 0.039673 0.036926 0.073303 0.040527 
0.034180 0.025879 0.012024 0.014160 0.010376 0.043762 0.012421 
0.035645 0.027985 0.010864 0.016663 0.009949 0.037659 0.018799 
-0.032898 -0.067505 -0.087036 -0.079956 -0.085083 -0.027466 -0.017090 
0.110474 0.109314 0.125854 0.124756 0.125977 0.151367 0.119629 

0.337891 0.212646 0.212280 0.198242 0.211426 0.276123 0.346436 
0.214478 0.137939 0.169189 0.156860 0.179688 0.233154 0.274414 
0.115295 0.098877 0.118408 0.115906 0.137573 0.224731 0.185425 
0.097290 0.072998 0.085083 0.090454 0.106201 0.197876 0.175781 
0.098328 0.078247 0.081787 0.097046 0.107605 0.197510 0.173340 
0.080200 0.062927 0.057678 0.074219 0.085266 0.195312 0.215332 
0.149780 0.085632 0.087280 0.089600 0.088379 0.175659 0.234619 

-0.041504 0.046997 0.049683 0.039062 0.038330 -0.038574 -0.147217 
0.001953 0.157959 0.163330 0.166016 0.158691 0.070435 -0.131592 
-0.041992 0.135864 0.143311 0.143188 0.138672 0.075684 -0.130859 
-0.041260 0.131226 0.143188 0.137451 0.131592 0.068481 -0.146240 
-0.029053 0.141113 0.170166 0.157715 0.147705 0.087280 -0.142822 
-0.013428 0.133911 0.173828 0.152588 0.152832 0.096680 -0.071533 
-0.007568 0.128540 0.133057 0.117554 0.110107 0.091309 -0.042236 

0.282471 0.355957 0.279541 0.274658 0.288330 0.343750 0.192627 
0.364258 0.219971 0.122192 0.109802 0.126953 0.218262 0.313477 
0.259521 0.166016 0.068481 0.054626 0.073914 0.150391 0.201904 
0.255615 0.165161 0.072266 0.057617 0.082336 0.170166 0.200562 
0.239990 0.116699 0.022461 0.007568 0.031372 0.130493 0.190063 
0.219604 0.015259 -0.018555 -0.026001 -0.009399 0.033325 0.189575 
0.020386 0.038086 0.033936 0.027588 0.040771 0.052551 0.097961 

0.209473 0.290039 0.295410 0.321533 0.304443 0.225342 0.228760 
0.081360 0.204346 0.190186 0.230713 0.191406 0.079285 0.137207 
0.031677 0.218262 0.191650 0.211670 0.165283 0.065613 0.098572 
0.029480 0.210938 0.206299 0.215820 0.184570 0.080139 0.112854 
0.041565 0.212402 0.235352 0.226074 0.199707 0.089417 0.116394 
0.043396 0.193115 0.241943 0.230225 0.205322 0.065002 0.079773 
0.224121 0.268066 0.283936 0.285156 0.275879 0.140869 0.177734 

-0.014648 -0.170044 -0.158081 -0.157593 -0.156982 -0.160889 0.124023 
-0.036560 -0.236206 -0.217529 -0.215820 -0.219849 -0.163696 0.125000 
-0.076050 -0.276367 -0.235107 -0.223999 -0.217773 -0.198730 0.103394 
-0.064026 -0.247070 -0.214355 -0.188721 -0.188721 -0.173584 0.107788 
-0.089905 -0.248169 -0.250000 -0.210938 -0.219238 -0.184082 0.085083 
-0.043640 -0.196533 -0.191895 -0.150757 -0.153442 -0.119263 0.069946 
0.067383 -0.069519 -0.075439 -0.056274 -0.071655 -0.045532 0.127441 

0.360596 0.577148 0.406982 0.440430 0.402100 0.374756 0.294922 
0.671387 0.777344 0.573242 0.609863 0.557617 0.567383 0.597168 
0.709961 0.779297 0.548828 0.564453 0.519531 0.522461 0.522461 
0.720703 0.739258 0.536133 0.534180 0.513672 0.506836 0.536133 
0.745605 0.716797 0.560547 0.534180 0.533203 0.521484 0.561523 
0.716309 0.651367 0.514160 0.484619 0.501953 0.487793 0.550781 
0.472168 0.760742 0.617676 0.622559 0.622070 0.588867 0.472656 

-0.052948 -0.108948 -0.125488 -0.121399 -0.131836 -0.144287 -0.093567 
-0.042603 -0.096619 -0.110779 -0.102112 -0.109619 -0.130981 -0.114746 
-0.025620 -0.066833 -0.057648 -0.053162 -0.053558 -0.098145 -0.088074 
-0.028305 -0.078064 -0.074524 -0.076721 -0.063721 -0.097961 -0.084656 
-0.020767 -0.080200 -0.065063 -0.072205 -0.060455 -0.091919 -0.079529 
-0.057159 -0.129883 -0.123840 -0.133545 -0.123596 -0.158325 -0.130371 
0.012756 -0.120667 -0.110535 -0.107727 -0.111145 -0.119934 -0.095947 

-0.102905 -0.106689 -0.203613 -0.208862 -0.212891 -0.035034 -0.097473 
-0.030853 -0.041718 -0.166504 -0.165649 -0.164795 0.082886 0.095947 
-0.038269 -0.024689 -0.152710 -0.142212 -0.124512 0.121460 0.100952 
-0.043915 -0.034393 -0.167969 -0.150635 -0.137085 0.102295 0.096436 
-0.042358 -0.036743 -0.168579 -0.149048 -0.139893 0.108521 0.096313 
0.009491 0.024017 -0.106934 -0.090088 -0.078369 0.157227 0.155029 
-0.078125 -0.030289 -0.097656 -0.089417 -0.075195 0.047211 0.016541 

0.153198 0.198120 0.217163 0.213013 0.212036 0.220825 0.081055 
0.164673 0.127808 0.165894 0.158325 0.154419 0.123535 0.072266 
0.190308 0.153442 0.206177 0.201538 0.191284 0.139771 0.072388 
0.199585 0.165405 0.216919 0.212036 0.196167 0.148560 0.077393 
0.193481 0.159058 0.206665 0.206665 0.186646 0.133179 0.074951 
0.160522 0.108032 0.150024 0.151733 0.137085 0.115112 0.057251 
0.087524 0.087891 0.104614 0.105347 0.103516 0.105225 0.103516 

-0.068054 -0.092896 -0.096375 -0.086487 -0.088623 -0.106689 -0.180420 
-0.064514 -0.109924 -0.114807 -0.111755 -0.123413 -0.137695 -0.171509 
-0.154419 -0.175537 -0.189453 -0.195312 -0.205566 -0.206055 -0.241699 
-0.166016 -0.192139 -0.207031 -0.218262 -0.217651 -0.221436 -0.257080 
-0.166138 -0.204102 -0.215820 -0.233398 -0.232910 -0.233154 -0.258545 
-0.155151 -0.206543 -0.195068 -0.205566 -0.210327 -0.248413 -0.262695 
-0.166260 -0.170288 -0.166138 -0.168213 -0.165771 -0.201294 -0.216553 

0.216553 0.242432 0.229492 0.227783 0.235107 0.251709 0.249634 
0.212769 0.131714 0.105469 0.102417 0.109863 0.142090 0.230713 
0.165161 0.064636 0.053955 0.052246 0.069580 0.123291 0.194580 
0.166016 0.063843 0.051636 0.055725 0.070679 0.122375 0.194580 
0.154053 0.054565 0.038269 0.046753 0.060791 0.105347 0.190674 
0.155640 0.049438 0.060608 0.076416 0.080688 0.112671 0.208496 
0.109253 0.059692 0.060669 0.062195 0.064026 0.087769 0.118042 

-0.328613 -0.350830 -0.321777 -0.310059 -0.295166 -0.315918 -0.260010 
-0.271729 -0.419189 -0.395264 -0.388428 -0.376221 -0.385498 -0.324707 
-0.298340 -0.477295 -0.443604 -0.430664 -0.427979 -0.419922 -0.337402 
-0.305664 -0.479004 -0.448730 -0.424072 -0.440918 -0.433105 -0.342529 
-0.338623 -0.484619 -0.470947 -0.435303 -0.456787 -0.450928 -0.354004 
-0.377441 -0.522461 -0.487305 -0.451904 -0.475830 -0.491455 -0.380127 
-0.416748 -0.382080 -0.357666 -0.334229 -0.352295 -0.355225 -0.338379 

-0.087524 -0.070923 -0.042603 -0.033691 -0.051697 -0.100891 -0.096191 
-0.061951 0.023560 0.064514 0.068542 0.060120 0.051086 0.027527 
0.012817 0.126221 0.136230 0.135254 0.134766 0.155029 0.106628 
0.016541 0.128906 0.141846 0.137695 0.143799 0.159180 0.106018 
0.000366 0.102478 0.126709 0.116272 0.125488 0.139893 0.097229 
-0.056396 -0.005066 0.062683 0.053406 0.067444 0.057556 0.046936 
-0.017609 0.010376 0.038208 0.032715 0.029968 0.026672 0.025269 

-0.033203 -0.090942 -0.078857 -0.081848 -0.077576 -0.057373 0.001068 
-0.052826 -0.118042 -0.117065 -0.122681 -0.118591 -0.076965 -0.015045 
-0.037964 -0.130371 -0.124268 -0.121582 -0.118530 -0.092651 -0.016388 
-0.042725 -0.135742 -0.135864 -0.128906 -0.133057 -0.098389 -0.020905 
-0.049438 -0.141724 -0.145020 -0.133789 -0.139771 -0.103760 -0.022247 
-0.120850 -0.197632 -0.200195 -0.183716 -0.191772 -0.146729 -0.064331 
-0.073975 -0.133789 -0.113525 -0.107788 -0.114990 -0.091797 -0.010315 

-0.113708 -0.144531 -0.135742 -0.140625 -0.135010 -0.102966 -0.042786 
-0.098938 -0.071716 -0.070007 -0.081970 -0.079773 -0.023254 0.015991 
-0.106384 -0.104675 -0.107971 -0.116272 -0.108459 -0.037170 0.010925 
-0.107727 -0.112000 -0.117859 -0.116150 -0.116150 -0.040955 0.017883 
-0.125977 -0.121521 -0.139160 -0.135254 -0.137207 -0.054626 0.002502 
-0.122986 -0.141113 -0.157471 -0.150635 -0.157227 -0.065369 0.015747 
-0.103455 -0.055969 -0.056091 -0.053772 -0.057434 -0.006714 0.000366 

-0.280273 -0.166382 -0.235474 -0.209839 -0.237183 -0.156128 -0.159058 
-0.171509 0.039062 -0.041748 -0.035400 -0.065186 0.025513 -0.093262 
-0.145142 0.015747 -0.048340 -0.050171 -0.090088 -0.017212 -0.099731 
-0.133057 0.015137 -0.043091 -0.064087 -0.081665 -0.015381 -0.093384 
-0.143677 -0.001648 -0.032837 -0.069702 -0.074707 -0.016113 -0.080688 
-0.079224 0.088257 0.042236 -0.001648 -0.002930 0.039246 -0.028931 
-0.233521 -0.122192 -0.133545 -0.149536 -0.163452 -0.139526 -0.138062 

0.052490 0.095581 0.140137 0.146973 0.155273 0.057922 -0.088135 
0.138672 0.164795 0.212158 0.217773 0.215820 0.108459 -0.009224 
0.144775 0.190430 0.242432 0.247559 0.244141 0.149170 0.025848 
0.150879 0.192627 0.247314 0.255615 0.249756 0.153320 0.035004 
0.156006 0.183594 0.247314 0.254395 0.246826 0.147217 0.039490 
0.163330 0.206055 0.281006 0.287354 0.281982 0.185059 0.075378 
0.150879 0.179932 0.240723 0.243408 0.249756 0.136719 0.074280 

