-0.195312 -0.193604 -0.225342 -0.226074 -0.223877 -0.231201 -0.198486 
-0.111633 -0.126221 -0.129517 -0.140015 -0.128540 -0.136475 -0.105042 
-0.135010 -0.129272 -0.147461 -0.155518 -0.144043 -0.152100 -0.133545 
-0.138428 -0.119263 -0.135010 -0.139038 -0.137207 -0.142334 -0.130615 
-0.146484 -0.137939 -0.146729 -0.153076 -0.146484 -0.154785 -0.136475 
-0.146973 -0.146362 -0.157715 -0.173584 -0.166748 -0.167358 -0.138794 
-0.015686 0.101257 0.078796 0.063416 0.074646 0.086121 -0.006592 

-0.148315 -0.073364 -0.074219 -0.074829 -0.074341 -0.069336 -0.077271 
-0.043732 -0.125122 -0.134155 -0.129395 -0.135498 -0.135254 -0.042419 
-0.045227 -0.106812 -0.121826 -0.117065 -0.121826 -0.113953 -0.034607 
-0.028656 -0.091980 -0.109619 -0.103821 -0.107544 -0.103760 -0.030075 
-0.032532 -0.099731 -0.121460 -0.116699 -0.119995 -0.110962 -0.039124 
-0.031494 -0.102539 -0.115845 -0.105774 -0.110474 -0.104370 -0.041809 
-0.187134 -0.230225 -0.257812 -0.254395 -0.258057 -0.244873 -0.145508 

-0.005859 0.061615 0.098816 0.089172 0.099854 0.088013 -0.062744 
0.012634 0.140991 0.163818 0.152344 0.160278 0.145996 -0.016418 
0.039917 0.164062 0.180908 0.167236 0.168213 0.165527 0.025391 
0.040344 0.157715 0.163574 0.156494 0.151367 0.157959 0.014099 
0.041565 0.167969 0.174927 0.171143 0.160889 0.166016 0.019012 
0.033081 0.174316 0.186523 0.177246 0.168945 0.166382 0.019958 
0.024506 0.100464 0.119263 0.108643 0.106934 0.108887 -0.040649 

-0.001035 -0.029953 -0.043365 -0.044830 -0.048676 -0.028656 -0.045593 
-0.063782 -0.147705 -0.167114 -0.159302 -0.157715 -0.116333 -0.122681 
-0.077576 -0.142334 -0.155762 -0.158081 -0.144409 -0.106750 -0.113647 
-0.075684 -0.136841 -0.142944 -0.146240 -0.119812 -0.094666 -0.104980 
-0.065613 -0.145020 -0.132080 -0.150269 -0.120483 -0.094299 -0.100098 
-0.042816 -0.160400 -0.135864 -0.148926 -0.123474 -0.098267 -0.116760 
0.013893 -0.044159 -0.078918 -0.088562 -0.076050 -0.051361 -0.078674 

-0.126709 -0.202881 -0.191406 -0.184814 -0.200684 -0.205811 -0.181396 
-0.021851 -0.126465 -0.093079 -0.078796 -0.084290 -0.099304 -0.108582 
0.026901 -0.054565 -0.026428 -0.015656 -0.014923 -0.033142 -0.051086 
0.025726 -0.066833 -0.030640 -0.026733 -0.022156 -0.040710 -0.053284 
0.039001 -0.067444 -0.018585 -0.021484 -0.020630 -0.041870 -0.059448 
0.049896 -0.081421 -0.038147 -0.033936 -0.034607 -0.048096 -0.063782 
0.112732 -0.009918 0.018280 0.023788 0.015076 0.014786 0.068481 

0.072388 0.004456 0.012024 0.019897 0.018494 0.026367 0.097778 
0.100220 0.046448 0.060669 0.064087 0.062866 0.055054 0.088867 
0.123047 0.042175 0.072632 0.068481 0.066589 0.071411 0.121094 
0.136963 0.058960 0.089478 0.089844 0.091675 0.089111 0.111572 
0.142090 0.056213 0.084534 0.081238 0.075745 0.076599 0.109985 
0.152344 0.093140 0.126465 0.125000 0.111206 0.111694 0.107056 
0.098389 -0.027634 -0.012207 -0.014954 -0.026047 -0.022598 0.029663 

-0.473389 -0.307617 -0.341064 -0.351562 -0.328369 -0.365723 -0.488037 
-0.125977 -0.033447 -0.084106 -0.097534 -0.081421 -0.117065 -0.152588 
-0.117920 -0.061279 -0.095825 -0.112671 -0.103516 -0.125488 -0.139648 
-0.112183 -0.067871 -0.115356 -0.141113 -0.150635 -0.144775 -0.160400 
-0.127930 -0.069824 -0.106323 -0.122192 -0.131104 -0.131104 -0.149170 
-0.111450 -0.002930 -0.048828 -0.068726 -0.083008 -0.087402 -0.134766 
-0.090576 0.219116 0.167358 0.155640 0.158569 0.138550 -0.137695 

0.288330 0.219971 0.158936 0.162354 0.161865 0.181396 0.413818 
0.163818 -0.079834 -0.119385 -0.111328 -0.113525 -0.094482 0.239014 
0.086182 -0.193115 -0.212891 -0.210938 -0.204224 -0.186768 0.151611 
0.084229 -0.188232 -0.201904 -0.200684 -0.191162 -0.179443 0.149658 
0.085205 -0.176758 -0.191162 -0.190674 -0.183350 -0.173096 0.160889 
0.078369 -0.148193 -0.179688 -0.172852 -0.172119 -0.161621 0.158936 
0.100830 -0.031006 -0.074707 -0.062500 -0.066650 -0.064453 0.076904 

0.033112 -0.055664 -0.019028 -0.027359 -0.017136 -0.041901 -0.097534 
0.077637 -0.034485 0.022659 0.001396 0.004616 -0.025085 -0.026260 
0.042603 -0.082397 -0.044983 -0.059082 -0.064392 -0.086426 -0.069458 
0.050079 -0.069214 -0.038055 -0.041992 -0.066406 -0.059845 -0.058380 
0.034088 -0.067749 -0.058105 -0.050507 -0.075806 -0.074219 -0.066772 
0.016693 -0.075195 -0.077026 -0.062347 -0.086060 -0.094727 -0.072754 
-0.037598 -0.109009 -0.110474 -0.110596 -0.110962 -0.124512 -0.136475 

0.140869 0.166992 0.172607 0.164062 0.168701 0.187988 0.190918 
0.045898 0.033447 0.006104 -0.005615 0.009766 0.053711 0.134033 
0.031982 0.013672 -0.031738 -0.032227 -0.016357 0.019043 0.105713 
0.033203 0.009766 -0.022949 -0.028564 -0.013428 0.012207 0.110107 
0.029297 -0.003418 -0.026367 -0.035889 -0.014404 0.011475 0.123535 
0.033691 0.029297 0.004883 -0.014160 0.008545 0.028076 0.133057 
0.042725 0.082764 0.053955 0.045898 0.060547 0.070312 0.126709 

-0.292725 -0.218262 -0.222412 -0.219727 -0.209473 -0.218994 -0.084473 
-0.293945 -0.250977 -0.266357 -0.260986 -0.252686 -0.229980 -0.058594 
-0.311768 -0.242188 -0.241699 -0.247803 -0.235352 -0.216309 -0.053711 
-0.321777 -0.257568 -0.267578 -0.270508 -0.255127 -0.234131 -0.071411 
-0.322266 -0.264648 -0.259033 -0.268555 -0.246826 -0.227539 -0.061035 
-0.317383 -0.253418 -0.255859 -0.275879 -0.262939 -0.242920 -0.058594 
-0.241943 -0.208984 -0.218506 -0.214355 -0.215088 -0.202637 -0.029419 

0.215088 0.234497 0.235596 0.237305 0.229980 0.243896 0.186890 
0.118713 0.202881 0.218506 0.226807 0.217529 0.217651 0.084290 
0.110779 0.198364 0.210571 0.210693 0.207520 0.189209 0.079834 
0.117188 0.206299 0.219727 0.215576 0.222290 0.196899 0.088562 
0.122192 0.194214 0.218750 0.209839 0.216431 0.195312 0.083618 
0.121948 0.178955 0.211914 0.208252 0.218384 0.199219 0.077148 
0.094788 0.092712 0.102478 0.101013 0.116943 0.104980 0.085449 

0.377197 0.302002 0.273682 0.286621 0.278320 0.281738 0.489746 
0.276123 0.272949 0.268799 0.289062 0.271973 0.263672 0.362305 
0.272705 0.258301 0.266357 0.281982 0.265137 0.242920 0.333740 
0.274414 0.264893 0.262695 0.283447 0.267090 0.244385 0.343018 
0.266602 0.271484 0.260010 0.288818 0.265625 0.246338 0.336426 
0.238037 0.255127 0.247803 0.283203 0.265137 0.237793 0.330811 
0.215820 0.126953 0.138794 0.153564 0.138916 0.122192 0.285156 

0.378174 0.325928 0.343994 0.345459 0.341553 0.348389 0.335205 
0.224854 0.232666 0.253662 0.253174 0.259521 0.273193 0.235107 
0.228760 0.250244 0.256592 0.248291 0.260498 0.265381 0.217529 
0.236084 0.246826 0.261475 0.256104 0.268311 0.276123 0.215088 
0.243896 0.243896 0.279541 0.260010 0.262939 0.279053 0.223389 
0.262939 0.241943 0.291748 0.269775 0.273682 0.291748 0.208252 
0.417725 0.424072 0.435791 0.433838 0.438721 0.434326 0.343506 

-0.112061 -0.090332 -0.056641 -0.054565 -0.050781 -0.078003 -0.219116 
0.037628 0.093628 0.128784 0.124390 0.131348 0.112366 -0.051392 
0.041412 0.099792 0.140625 0.132080 0.136108 0.122559 -0.040894 
0.046783 0.106506 0.149658 0.140869 0.142090 0.125488 -0.049072 
0.046661 0.102783 0.149170 0.137085 0.136719 0.121643 -0.057861 
0.043884 0.095398 0.139893 0.119629 0.115234 0.106201 -0.058716 
-0.060669 -0.029968 0.011536 0.002075 0.003357 -0.010437 -0.138306 

-0.070618 -0.258301 -0.267578 -0.275879 -0.265625 -0.290039 -0.059631 
-0.036865 -0.187500 -0.170410 -0.192139 -0.173218 -0.205811 -0.053345 
-0.069824 -0.235596 -0.214355 -0.227661 -0.212891 -0.229492 -0.101685 
-0.076416 -0.224365 -0.210449 -0.217285 -0.217041 -0.217041 -0.100464 
-0.065674 -0.213745 -0.211426 -0.205811 -0.208862 -0.198975 -0.076538 
-0.078857 -0.222900 -0.246582 -0.235352 -0.239624 -0.232910 -0.096436 
0.098999 -0.115356 -0.115723 -0.109131 -0.110229 -0.120850 0.007446 

-0.284424 -0.068542 -0.053345 -0.055389 -0.064636 -0.055145 -0.163696 
-0.468750 -0.206787 -0.189209 -0.187622 -0.196167 -0.198486 -0.325928 
-0.450928 -0.179443 -0.172607 -0.163330 -0.166748 -0.159424 -0.291504 
-0.436768 -0.155884 -0.155273 -0.140991 -0.155518 -0.148193 -0.282227 
-0.451172 -0.164673 -0.176880 -0.156250 -0.175903 -0.170898 -0.296387 
-0.449219 -0.180420 -0.211792 -0.188721 -0.204712 -0.198975 -0.302490 
-0.283691 -0.060303 -0.066833 -0.061432 -0.072876 -0.061249 -0.141602 

-0.104370 -0.135010 -0.173340 -0.170166 -0.164429 -0.164062 -0.012085 
0.012817 0.019836 -0.046295 -0.033844 -0.034271 -0.027802 0.096436 
0.037964 0.045990 -0.028961 -0.022614 -0.012238 0.000427 0.130371 
0.032166 0.039459 -0.038910 -0.034698 -0.025421 -0.008545 0.114136 
0.028381 0.038727 -0.034698 -0.031525 -0.021942 -0.007141 0.114258 
0.047729 0.049744 -0.027313 -0.036713 -0.030182 -0.011566 0.126587 
0.221558 0.160767 0.103638 0.105225 0.113403 0.129028 0.260254 

-0.066528 -0.031799 -0.037811 -0.020294 -0.030594 -0.041931 -0.058929 
-0.025177 0.020355 -0.009613 0.010193 0.003937 0.006531 0.004486 
-0.032776 0.009521 -0.016754 -0.001343 -0.003815 -0.008820 -0.013977 
-0.016724 -0.000519 -0.014191 -0.011322 -0.006378 -0.018646 -0.017090 
-0.014709 0.005432 0.002777 0.001587 0.001556 -0.009064 -0.015533 
0.020172 0.010162 0.005066 0.004608 -0.004974 0.000305 -0.004242 
-0.163818 -0.178711 -0.173828 -0.163574 -0.183228 -0.188110 -0.102600 

-0.382324 -0.397461 -0.388672 -0.393066 -0.388184 -0.381836 -0.336426 
-0.248657 -0.263672 -0.249634 -0.249146 -0.246948 -0.237671 -0.192261 
-0.191772 -0.212280 -0.186646 -0.196411 -0.193970 -0.185669 -0.132690 
-0.202026 -0.223022 -0.188599 -0.208618 -0.200562 -0.192261 -0.134644 
-0.194946 -0.224976 -0.186157 -0.209106 -0.199829 -0.191040 -0.136841 
-0.191040 -0.214722 -0.176880 -0.192017 -0.184692 -0.178345 -0.128296 
-0.230591 -0.307129 -0.280762 -0.298340 -0.293945 -0.281738 -0.186401 

0.071350 0.090820 0.083496 0.068054 0.080505 0.055634 -0.001892 
0.118774 0.101318 0.105591 0.090698 0.100586 0.064392 0.027802 
0.137451 0.101074 0.100403 0.092896 0.096924 0.058838 0.011688 
0.136353 0.097961 0.082275 0.078674 0.073364 0.041229 -0.006165 
0.132935 0.101685 0.090881 0.092407 0.086121 0.050110 -0.002991 
0.104919 0.084961 0.077759 0.067200 0.064575 0.029358 -0.012146 
-0.107239 -0.075867 -0.074280 -0.090393 -0.083435 -0.106140 -0.158691 

0.168945 0.001465 0.045349 0.034119 0.038147 0.011047 0.168701 
0.306396 0.084045 0.146729 0.132568 0.125732 0.087708 0.231201 
0.333008 0.079529 0.118835 0.114685 0.107971 0.086609 0.242432 
0.356689 0.129883 0.170654 0.179932 0.150391 0.137939 0.271484 
0.337402 0.116760 0.136475 0.156250 0.124329 0.110657 0.251709 
0.297607 0.102356 0.107605 0.125488 0.106018 0.097351 0.234863 
0.467529 0.301270 0.311035 0.307861 0.293701 0.277832 0.413818 

-0.171875 -0.281250 -0.273438 -0.265137 -0.274902 -0.268066 -0.019775 
-0.057617 -0.200317 -0.224854 -0.211548 -0.220581 -0.185425 0.045166 
-0.054443 -0.187500 -0.218018 -0.211792 -0.216797 -0.186768 0.033936 
-0.055664 -0.205566 -0.234497 -0.241455 -0.227295 -0.197144 0.021973 
-0.053223 -0.211670 -0.218994 -0.238892 -0.215942 -0.190918 0.037842 
-0.022217 -0.209229 -0.213501 -0.238770 -0.214355 -0.188965 0.043213 
-0.162109 -0.396729 -0.427246 -0.429932 -0.422119 -0.407959 -0.135254 

0.076416 0.101013 0.105408 0.104309 0.105774 0.105286 0.140381 
0.025635 0.061035 0.062073 0.060913 0.062683 0.050293 0.138916 
0.008179 0.041016 0.048523 0.049805 0.048218 0.042175 0.145020 
0.009247 0.051086 0.060730 0.070862 0.067078 0.058960 0.148682 
0.010620 0.047607 0.045715 0.059082 0.053894 0.050171 0.148438 
0.027557 0.046692 0.049072 0.064209 0.056335 0.047607 0.152344 
-0.059753 -0.036102 -0.045959 -0.046692 -0.051666 -0.044556 0.033752 

-0.344482 -0.353027 -0.308838 -0.317627 -0.316650 -0.350342 -0.484131 
-0.129395 -0.165649 -0.109253 -0.110840 -0.119141 -0.172729 -0.285156 
-0.095093 -0.161377 -0.121826 -0.114136 -0.131348 -0.179688 -0.275391 
-0.088379 -0.139648 -0.100037 -0.091675 -0.125732 -0.161377 -0.247070 
-0.103516 -0.151367 -0.130493 -0.099976 -0.136475 -0.174805 -0.271973 
-0.112427 -0.154419 -0.145996 -0.098267 -0.130615 -0.172241 -0.269043 
-0.099854 -0.114197 -0.105835 -0.077454 -0.096313 -0.136230 -0.198242 

0.082092 0.142822 0.133057 0.132324 0.140869 0.125977 0.192749 
0.011658 0.105713 0.116272 0.101562 0.106567 0.106934 0.113281 
0.002075 0.051270 0.052032 0.035248 0.044250 0.038086 0.064819 
-0.002747 0.049561 0.051849 0.044586 0.047302 0.054810 0.077942 
0.001892 0.058960 0.045929 0.046448 0.043396 0.060608 0.087097 
0.022339 0.071533 0.047607 0.051636 0.048218 0.072632 0.102295 
0.254883 0.323730 0.298340 0.293457 0.308838 0.308105 0.298340 

-0.115845 -0.003601 -0.032623 -0.017242 -0.037231 -0.026733 -0.109741 
-0.208984 -0.064453 -0.106934 -0.090820 -0.102417 -0.076416 -0.215332 
-0.248535 -0.066895 -0.110596 -0.084778 -0.100769 -0.072388 -0.237793 
-0.249512 -0.077698 -0.117188 -0.095642 -0.100220 -0.072205 -0.225586 
-0.250244 -0.076538 -0.121948 -0.096008 -0.098145 -0.076538 -0.229492 
-0.243652 -0.100403 -0.145874 -0.115601 -0.120972 -0.092285 -0.247559 
-0.176025 -0.090332 -0.167114 -0.144409 -0.153809 -0.124817 -0.118591 

-0.187256 -0.224854 -0.243652 -0.260498 -0.251465 -0.245850 -0.125244 
0.120789 0.014771 0.011841 -0.010254 0.005615 0.038269 0.120422 
0.144531 0.050598 0.036499 0.015686 0.038696 0.083191 0.161621 
0.143555 0.032410 0.024963 -0.005432 0.017151 0.069031 0.145264 
0.158203 0.035828 0.037170 0.003479 0.021667 0.072327 0.149414 
0.189941 0.042969 0.049133 0.015381 0.028381 0.079163 0.148682 
-0.041077 -0.231689 -0.260254 -0.270020 -0.262939 -0.246338 -0.095337 

0.365967 0.267334 0.278076 0.274170 0.268799 0.280518 0.202881 
0.269531 0.221924 0.232910 0.229004 0.224854 0.211670 0.097717 
0.303467 0.241699 0.244385 0.246826 0.248047 0.237549 0.133301 
0.326172 0.260254 0.269775 0.274658 0.262451 0.267090 0.145264 
0.323242 0.256592 0.256104 0.265869 0.243896 0.250977 0.131836 
0.341064 0.282715 0.293213 0.312256 0.295166 0.295166 0.153320 
0.486816 0.353760 0.367188 0.376465 0.368164 0.363770 0.321533 

0.076538 0.177368 0.217896 0.202759 0.198120 0.210815 0.109985 
0.115601 0.130005 0.162231 0.161987 0.160522 0.182007 0.160034 
0.101196 0.108521 0.130737 0.126099 0.135132 0.154175 0.163208 
0.118774 0.130005 0.166138 0.172485 0.169312 0.183228 0.183960 
0.112915 0.114136 0.148804 0.159546 0.146362 0.171509 0.175415 
0.124878 0.129272 0.170288 0.187134 0.182251 0.200317 0.188354 
0.114868 0.209351 0.229858 0.245239 0.223755 0.236450 0.109009 

-0.086060 0.057861 0.067017 0.075317 0.071411 0.078613 -0.154175 
-0.071167 0.179810 0.212524 0.215088 0.231689 0.226440 0.011230 
-0.074341 0.197510 0.224121 0.218262 0.234131 0.231934 0.012939 
-0.073120 0.167969 0.208252 0.198975 0.223145 0.218628 -0.000488 
-0.050171 0.181641 0.238770 0.227783 0.243042 0.240967 0.011108 
-0.012329 0.196289 0.253906 0.240479 0.247437 0.247192 0.014404 
-0.275391 -0.127563 -0.085083 -0.083618 -0.078979 -0.084106 -0.244507 

0.056702 0.092834 0.136719 0.133545 0.138916 0.132324 0.037292 
0.033752 0.081848 0.133301 0.126953 0.132568 0.106873 0.093689 
0.049011 0.106995 0.147461 0.136230 0.148926 0.131104 0.097107 
0.049622 0.107361 0.143555 0.126709 0.125244 0.135742 0.089417 
0.044861 0.103210 0.139893 0.128906 0.127441 0.132812 0.087097 
0.043030 0.102600 0.132568 0.123474 0.121155 0.122253 0.090271 
0.125732 0.244141 0.281738 0.272461 0.280273 0.282715 0.123108 

-0.134766 -0.118835 -0.114319 -0.122620 -0.117981 -0.122498 -0.058655 
0.017883 -0.020264 -0.027588 -0.031250 -0.031799 -0.034241 0.036377 
0.044250 -0.002441 -0.016052 -0.016907 -0.021545 -0.018921 0.064087 
0.043945 0.002563 -0.016724 -0.017639 -0.020691 -0.019836 0.067261 
0.041809 0.005676 -0.020569 -0.015259 -0.019226 -0.020142 0.063904 
0.033844 0.000916 -0.024780 -0.019470 -0.021912 -0.024902 0.068298 
0.033203 0.061462 0.041595 0.041748 0.040070 0.041046 0.042145 

0.093384 0.062378 0.022827 0.029907 0.021729 0.026978 0.189819 
0.036133 -0.072754 -0.066223 -0.065796 -0.066650 -0.051025 0.096069 
0.006836 -0.089294 -0.066895 -0.069641 -0.067017 -0.054321 0.078979 
-0.003784 -0.103699 -0.080811 -0.080688 -0.077393 -0.068420 0.073486 
-0.001099 -0.105835 -0.079834 -0.077637 -0.072632 -0.064636 0.073730 
-0.009399 -0.129517 -0.114380 -0.114746 -0.110413 -0.098267 0.060303 
0.146606 -0.022827 -0.025879 -0.025269 -0.028076 -0.012573 0.178833 

-0.219238 -0.232910 -0.311523 -0.273682 -0.287598 -0.286621 -0.150757 
-0.252686 -0.273193 -0.307129 -0.272949 -0.291260 -0.258301 -0.171753 
-0.254639 -0.279297 -0.304932 -0.281250 -0.292480 -0.270264 -0.205444 
-0.270264 -0.279785 -0.302490 -0.287842 -0.273926 -0.269531 -0.196045 
-0.262695 -0.281006 -0.302490 -0.277344 -0.263672 -0.264648 -0.189941 
-0.250732 -0.272949 -0.304199 -0.279785 -0.277588 -0.264404 -0.180298 
-0.076416 -0.067383 -0.106689 -0.083252 -0.089111 -0.065186 -0.002930 

-0.070190 -0.132080 -0.152466 -0.143433 -0.140625 -0.122253 -0.226074 
-0.095337 -0.185059 -0.196411 -0.199463 -0.182007 -0.146606 -0.201416 
-0.125488 -0.172974 -0.182373 -0.189331 -0.169800 -0.140137 -0.224243 
-0.120972 -0.166016 -0.176147 -0.184326 -0.162109 -0.131836 -0.228516 
-0.117310 -0.171143 -0.161865 -0.177490 -0.153076 -0.122253 -0.216553 
-0.066040 -0.143188 -0.126953 -0.151123 -0.132202 -0.100708 -0.202881 
-0.030396 0.002808 0.014648 -0.000366 0.010010 0.036377 -0.131836 

-0.116089 -0.158447 -0.184082 -0.179932 -0.175537 -0.196045 -0.113159 
0.123169 0.112549 0.057495 0.063599 0.069092 0.052856 0.081909 
0.184692 0.188477 0.146362 0.151855 0.152344 0.132080 0.153931 
0.178467 0.171997 0.125122 0.127686 0.126831 0.114685 0.146240 
0.171143 0.167114 0.127563 0.136963 0.135620 0.118225 0.138184 
0.184448 0.148560 0.088257 0.087524 0.087830 0.083130 0.132568 
0.104980 0.100464 0.059448 0.055969 0.058807 0.053223 0.120300 

0.039368 0.070801 0.078369 0.078918 0.092468 0.066467 -0.043274 
-0.186401 -0.118652 -0.091553 -0.108643 -0.097229 -0.148071 -0.196167 
-0.200684 -0.162964 -0.145386 -0.160767 -0.147949 -0.192993 -0.198364 
-0.195312 -0.142334 -0.114258 -0.116455 -0.131470 -0.162842 -0.193726 
-0.199585 -0.138062 -0.130127 -0.117188 -0.144409 -0.164429 -0.188965 
-0.198975 -0.121582 -0.134277 -0.115112 -0.138428 -0.159790 -0.180298 
-0.085754 -0.044189 -0.048218 -0.029251 -0.043335 -0.050110 -0.115845 

-0.141602 -0.188843 -0.184326 -0.197632 -0.185669 -0.194824 -0.126221 
-0.180054 -0.196777 -0.169434 -0.191162 -0.177490 -0.195557 -0.161133 
-0.157593 -0.151855 -0.128052 -0.150879 -0.138062 -0.142456 -0.121948 
-0.150146 -0.141357 -0.127808 -0.144287 -0.141357 -0.144165 -0.133179 
-0.150269 -0.141235 -0.116821 -0.139526 -0.141357 -0.135620 -0.123718 
-0.151855 -0.151367 -0.118042 -0.143188 -0.136719 -0.137695 -0.132935 
-0.106323 -0.144043 -0.116455 -0.124756 -0.120178 -0.121704 -0.097961 

-0.157104 -0.121216 -0.148804 -0.133911 -0.138428 -0.146118 -0.157349 
-0.120422 -0.121704 -0.129761 -0.129883 -0.131470 -0.143311 -0.139404 
-0.153687 -0.169312 -0.166748 -0.174316 -0.171631 -0.179688 -0.166504 
-0.141846 -0.161621 -0.166504 -0.170532 -0.167603 -0.175903 -0.166382 
-0.145874 -0.161133 -0.164795 -0.161865 -0.164429 -0.173584 -0.158081 
-0.130615 -0.148682 -0.148438 -0.147583 -0.151367 -0.157959 -0.146240 
-0.075867 -0.069031 -0.065552 -0.067993 -0.061676 -0.061554 -0.109558 

-0.092651 -0.051819 -0.059784 -0.054443 -0.051056 -0.046021 -0.026886 
-0.196777 -0.235229 -0.238647 -0.247559 -0.242188 -0.258301 -0.175537 
-0.186401 -0.186401 -0.185791 -0.193359 -0.195435 -0.185791 -0.106567 
-0.170898 -0.173340 -0.183472 -0.180664 -0.175293 -0.187866 -0.112488 
-0.169800 -0.170898 -0.176514 -0.176758 -0.183228 -0.188232 -0.110657 
-0.142578 -0.144897 -0.145020 -0.143188 -0.147583 -0.154907 -0.106018 
-0.032867 0.051697 0.048035 0.045746 0.033142 0.029846 0.028717 

-0.074951 -0.014557 -0.027863 -0.018158 -0.027252 -0.022003 -0.031708 
0.002228 0.037811 0.036926 0.043365 0.042236 0.039032 0.036743 
0.012177 0.042358 0.057709 0.054169 0.051788 0.048523 0.037811 
0.011200 0.041382 0.053131 0.046631 0.047546 0.033508 0.038727 
0.010681 0.041321 0.052002 0.051666 0.053894 0.040283 0.040161 
0.001038 0.022781 0.021805 0.020676 0.024567 0.009888 0.033722 
-0.027924 0.067017 0.057495 0.057861 0.052856 0.048706 0.017822 

-0.245239 -0.185181 -0.217651 -0.210815 -0.219604 -0.230591 -0.223267 
-0.208862 -0.141602 -0.190796 -0.169800 -0.183228 -0.192017 -0.203247 
-0.194946 -0.125000 -0.165894 -0.149414 -0.157227 -0.164917 -0.215698 
-0.198120 -0.114502 -0.160034 -0.147583 -0.155029 -0.174683 -0.203979 
-0.206665 -0.116211 -0.165649 -0.153931 -0.155518 -0.179565 -0.204712 
-0.211792 -0.123535 -0.166382 -0.162476 -0.161743 -0.182983 -0.199585 
-0.415039 -0.309082 -0.315430 -0.322266 -0.322266 -0.332031 -0.385742 

-0.088318 -0.003540 0.014465 0.009705 0.006531 0.016296 -0.007080 
-0.083191 -0.013794 -0.000427 0.000549 -0.002502 -0.005432 0.033997 
-0.078918 -0.008728 0.002136 0.001587 -0.001831 -0.002563 0.035828 
-0.075256 -0.000061 0.010803 0.005127 0.001404 -0.006470 0.031189 
-0.072083 -0.001404 0.007996 0.000916 -0.000366 -0.011414 0.030334 
-0.078186 -0.009827 0.005920 0.000977 -0.000488 -0.012756 0.040161 
-0.060364 0.052216 0.053284 0.050537 0.044189 0.039001 0.041443 

0.062988 0.133667 0.089417 0.083008 0.084412 0.109009 0.124451 
0.087036 0.144165 0.085266 0.070190 0.087463 0.131592 0.155151 
0.123596 0.192139 0.132080 0.111755 0.139526 0.195068 0.192871 
0.125366 0.192261 0.136963 0.117493 0.150757 0.205933 0.195801 
0.120728 0.181274 0.130981 0.107849 0.144653 0.201538 0.199585 
0.121643 0.172974 0.110474 0.076904 0.110901 0.174438 0.185669 
-0.097412 0.035156 0.008545 -0.009399 0.013306 0.052979 0.016479 

-0.119873 -0.042969 -0.025391 -0.033447 -0.032471 -0.022705 -0.186035 
-0.262451 -0.230957 -0.252930 -0.258545 -0.261963 -0.243164 -0.268799 
-0.281006 -0.246338 -0.247070 -0.248291 -0.241211 -0.231689 -0.309326 
-0.271729 -0.228271 -0.229004 -0.246582 -0.240234 -0.227783 -0.301514 
-0.271729 -0.228760 -0.241455 -0.259033 -0.253418 -0.241943 -0.304443 
-0.282959 -0.235596 -0.245850 -0.260498 -0.251221 -0.242676 -0.301025 
-0.437256 -0.446045 -0.439209 -0.440674 -0.435791 -0.443115 -0.492432 

0.052490 0.055664 0.076416 0.075928 0.074463 0.087891 0.091553 
-0.041504 -0.082581 -0.066528 -0.059570 -0.062134 -0.057861 -0.056641 
-0.033691 -0.081665 -0.057983 -0.052979 -0.052856 -0.058594 -0.049072 
-0.027100 -0.084534 -0.056641 -0.052979 -0.057129 -0.059570 -0.052002 
-0.027466 -0.086487 -0.053223 -0.055054 -0.063843 -0.057739 -0.057007 
-0.042480 -0.091675 -0.045166 -0.037720 -0.046997 -0.045044 -0.063354 
-0.095947 -0.225220 -0.195190 -0.193604 -0.208496 -0.208618 -0.138184 

-0.075134 -0.119934 -0.128174 -0.117615 -0.125488 -0.115417 -0.044861 
0.016724 -0.004517 -0.022156 -0.007629 -0.012695 0.010315 0.010925 
0.043030 0.054688 0.031189 0.050568 0.049164 0.066589 0.023499 
0.029236 0.032410 0.008606 0.020569 0.030884 0.046875 0.015808 
0.034363 0.028442 0.016479 0.021362 0.028259 0.044189 0.022705 
0.066040 0.032043 0.032959 0.033386 0.040039 0.062744 0.053040 
0.021545 0.049622 0.034058 0.045410 0.041443 0.058838 0.024109 

-0.151855 -0.124573 -0.055603 -0.081848 -0.070374 -0.101990 -0.139893 
-0.018005 -0.014343 0.033936 0.012207 0.025696 -0.016296 -0.069519 
0.041992 0.059906 0.086487 0.071899 0.074097 0.039795 0.005798 
0.050354 0.078003 0.109375 0.097290 0.081665 0.052307 0.015442 
0.051392 0.077026 0.101440 0.093384 0.071289 0.041687 0.004333 
0.051208 0.069519 0.104187 0.098755 0.087769 0.060242 0.009705 
0.159424 0.172241 0.186768 0.174072 0.166504 0.133545 0.110962 

-0.205200 -0.174438 -0.137817 -0.147827 -0.134888 -0.141479 -0.097046 
0.064209 -0.024414 -0.021118 -0.034424 -0.028320 -0.019043 0.218628 
0.069275 -0.034790 -0.045776 -0.055176 -0.051392 -0.039673 0.235596 
0.057495 -0.053101 -0.078491 -0.096802 -0.088989 -0.074341 0.208008 
0.061157 -0.039917 -0.051636 -0.078003 -0.058228 -0.051147 0.218384 
0.070007 -0.029297 -0.030884 -0.067993 -0.050049 -0.041016 0.212646 
-0.024170 -0.083130 -0.098999 -0.100952 -0.095093 -0.080688 0.074097 

0.041626 0.078857 0.035675 0.054932 0.058441 0.080627 0.169189 
0.061401 -0.006805 -0.074707 -0.062866 -0.051147 -0.000534 0.173828 
0.073181 -0.010605 -0.063110 -0.070679 -0.049866 0.003609 0.179443 
0.067688 -0.029236 -0.077332 -0.091431 -0.048645 -0.008331 0.165039 
0.091125 -0.023621 -0.047302 -0.076050 -0.027222 0.014618 0.191162 
0.164062 0.041504 0.023880 -0.016785 0.018051 0.058533 0.228516 
0.111633 0.008743 -0.010925 -0.022675 -0.000854 0.028412 0.096497 

0.023438 -0.006470 0.056030 0.060303 0.057983 0.076416 0.020020 
0.078186 0.057861 0.097717 0.101807 0.102783 0.136719 0.123169 
0.063477 0.076904 0.107239 0.114807 0.120056 0.146851 0.140381 
0.070068 0.086670 0.123962 0.124634 0.147461 0.159790 0.157227 
0.071899 0.066284 0.115723 0.109375 0.136230 0.160156 0.145386 
0.091125 0.047974 0.109070 0.110046 0.133179 0.163818 0.134033 
0.021729 0.011963 0.051270 0.047241 0.057983 0.082153 0.061646 

-0.060791 -0.175171 -0.192871 -0.187134 -0.192627 -0.202515 -0.066162 
0.032715 -0.191284 -0.181396 -0.182617 -0.178589 -0.192749 -0.019775 
0.027100 -0.173096 -0.151001 -0.151733 -0.148438 -0.160889 -0.031982 
0.018311 -0.184937 -0.156982 -0.156128 -0.155884 -0.162842 -0.018066 
0.014648 -0.197754 -0.178467 -0.167358 -0.166626 -0.180786 -0.035156 
0.034180 -0.204224 -0.187378 -0.173096 -0.178345 -0.190918 -0.007812 
-0.070068 -0.208862 -0.215698 -0.203613 -0.208496 -0.211304 -0.101318 

-0.063477 0.017944 0.090149 0.078491 0.086914 0.081299 -0.147217 
0.093323 0.174438 0.189209 0.179443 0.184204 0.185425 -0.049316 
0.141968 0.219360 0.224487 0.218018 0.221069 0.245361 0.028931 
0.149658 0.228271 0.235474 0.229492 0.232300 0.260986 0.030151 
0.154663 0.226807 0.239502 0.229248 0.232422 0.257568 0.020874 
0.187622 0.263184 0.272461 0.261719 0.266846 0.294922 0.035400 
0.159424 0.254639 0.250732 0.250977 0.252197 0.262451 -0.006104 

0.066284 0.064087 0.080688 0.084106 0.083618 0.089233 0.123535 
0.126953 0.141479 0.142090 0.138672 0.139160 0.141968 0.192993 
0.115356 0.131592 0.122070 0.118530 0.123169 0.129883 0.184814 
0.118774 0.138672 0.128052 0.127686 0.128662 0.127319 0.179199 
0.123413 0.144897 0.133789 0.132812 0.129517 0.129883 0.181030 
0.134399 0.160522 0.156372 0.151367 0.151245 0.150269 0.189331 
0.203735 0.301758 0.303223 0.297363 0.301270 0.300781 0.276855 

0.207031 -0.046631 -0.051025 -0.069824 -0.053467 -0.073975 0.144287 
0.185791 -0.215454 -0.190674 -0.227905 -0.209961 -0.250488 0.028076 
0.188721 -0.188354 -0.161133 -0.184937 -0.181641 -0.209961 0.047363 
0.216064 -0.142090 -0.115173 -0.128418 -0.149902 -0.166260 0.059814 
0.209717 -0.153442 -0.153931 -0.146973 -0.183838 -0.191040 0.054443 
0.202393 -0.166016 -0.195190 -0.196777 -0.221802 -0.226685 0.040283 
0.241455 0.086914 0.089355 0.060059 0.056396 0.037598 0.195312 

0.185547 0.111816 0.118164 0.123291 0.118164 0.125244 0.120117 
0.043823 0.036743 0.029541 0.040649 0.037231 0.039185 -0.029053 
0.051514 0.049316 0.034790 0.040039 0.046143 0.041138 -0.013184 
0.042480 0.032471 0.019653 0.022827 0.033569 0.026978 -0.027100 
0.050537 0.042114 0.036743 0.033447 0.045166 0.032593 -0.018555 
0.042358 0.046631 0.047974 0.047607 0.054932 0.049561 -0.013550 
0.226562 0.122070 0.119873 0.115967 0.112061 0.127930 0.125732 

0.133301 0.047729 0.056213 0.064941 0.058899 0.075500 0.248413 
0.265137 0.122253 0.087524 0.111450 0.102234 0.142822 0.395508 
0.258057 0.129028 0.103760 0.120972 0.117554 0.159790 0.393066 
0.251709 0.128906 0.111023 0.119263 0.136230 0.155518 0.386230 
0.261230 0.130981 0.117371 0.118774 0.138672 0.159302 0.391846 
0.254395 0.129395 0.130737 0.130127 0.140137 0.168701 0.389160 
0.127930 -0.014885 -0.018829 -0.010307 -0.013634 0.004494 0.234009 

-0.090088 -0.002350 -0.014526 -0.014709 -0.018799 -0.020294 -0.090454 
-0.081787 0.048370 0.046265 0.055237 0.051544 0.045624 -0.042511 
-0.074341 0.049133 0.041992 0.049744 0.048645 0.043091 -0.043365 
-0.083496 0.038208 0.034576 0.040344 0.038757 0.036438 -0.044891 
-0.076538 0.044067 0.041901 0.049286 0.048157 0.040131 -0.045502 
-0.073242 0.043121 0.041046 0.051483 0.048157 0.042938 -0.044342 
-0.170410 -0.082153 -0.089111 -0.083496 -0.085693 -0.084961 -0.138428 

-0.201904 -0.246826 -0.246826 -0.236084 -0.246094 -0.212158 -0.187012 
-0.199951 -0.285645 -0.334473 -0.318359 -0.318848 -0.253906 -0.194336 
-0.215088 -0.283691 -0.313232 -0.301758 -0.291504 -0.254883 -0.193848 
-0.218994 -0.292725 -0.313965 -0.312256 -0.280518 -0.266846 -0.195312 
-0.207031 -0.290771 -0.309082 -0.311035 -0.279785 -0.261475 -0.186768 
-0.174316 -0.272705 -0.275391 -0.274414 -0.254395 -0.216553 -0.171875 
-0.156006 -0.238037 -0.232666 -0.226074 -0.213379 -0.191895 -0.154785 

-0.072754 -0.102356 -0.135986 -0.134033 -0.130371 -0.139893 -0.058044 
0.040466 -0.047424 -0.065186 -0.069458 -0.060913 -0.065308 0.081238 
0.073669 -0.006165 -0.031006 -0.036133 -0.026978 -0.023621 0.115173 
0.066223 -0.012207 -0.040222 -0.043518 -0.034973 -0.036438 0.108215 
0.065613 -0.011658 -0.038269 -0.043579 -0.031860 -0.034546 0.111267 
0.076843 -0.010193 -0.035583 -0.042358 -0.033813 -0.032410 0.107117 
0.007324 -0.024170 -0.046082 -0.050659 -0.039429 -0.037994 0.019714 

-0.201538 -0.111389 -0.090759 -0.100037 -0.086792 -0.101440 -0.234741 
-0.195557 -0.050537 -0.036865 -0.051086 -0.031860 -0.067566 -0.168945 
-0.175171 -0.028671 0.003670 -0.008141 0.005264 -0.024323 -0.153076 
-0.179565 -0.033447 -0.008148 -0.017731 -0.013680 -0.032410 -0.170288 
-0.171143 -0.024902 0.011078 0.000031 0.000175 -0.019989 -0.156250 
-0.156250 -0.020981 0.015396 -0.009819 -0.006626 -0.028961 -0.157104 
-0.144775 0.031082 0.072693 0.057190 0.066589 0.049255 -0.154663 

-0.178101 -0.195923 -0.166626 -0.165649 -0.163940 -0.205933 -0.215210 
0.036621 0.079468 0.096375 0.086304 0.090759 0.058594 0.037109 
0.014771 0.041626 0.050537 0.034790 0.033447 -0.007568 -0.023438 
0.007690 0.029053 0.022461 0.015015 0.003418 -0.024658 -0.024292 
0.006104 0.047485 0.037720 0.027466 0.026611 -0.005249 -0.012817 
-0.005127 0.041992 0.022461 -0.007324 -0.007568 -0.040161 -0.013550 
-0.312012 -0.350098 -0.343262 -0.366699 -0.349121 -0.383301 -0.263184 

-0.177002 -0.154175 -0.223389 -0.218262 -0.221191 -0.171631 -0.136963 
-0.197998 -0.152954 -0.221924 -0.229370 -0.226440 -0.155762 -0.116577 
-0.237061 -0.170776 -0.227051 -0.235107 -0.219727 -0.146362 -0.134033 
-0.247070 -0.183472 -0.245605 -0.260254 -0.227905 -0.159302 -0.133545 
-0.240234 -0.183105 -0.242188 -0.256348 -0.224365 -0.156250 -0.124756 
-0.201904 -0.161865 -0.213257 -0.224976 -0.200439 -0.135010 -0.097900 
-0.138184 -0.015060 -0.089294 -0.087341 -0.069092 -0.010376 -0.052063 

0.043945 -0.065186 -0.044678 -0.050629 -0.046967 -0.043884 0.090942 
0.100952 0.061981 0.067261 0.056854 0.057526 0.074524 0.093140 
0.101746 0.049652 0.044525 0.034393 0.037384 0.055084 0.101501 
0.097656 0.041046 0.029236 0.019379 0.023468 0.047150 0.101807 
0.096436 0.048126 0.033295 0.026459 0.032257 0.050385 0.101135 
0.100891 0.082092 0.077637 0.068237 0.074890 0.083496 0.106689 
0.177612 0.127075 0.131104 0.125488 0.136841 0.133789 0.159912 

0.146973 0.050323 0.096436 0.101624 0.109558 0.102112 0.102905 
0.074951 -0.012207 0.002899 -0.000305 0.001587 -0.018982 0.026917 
0.092407 -0.007477 0.005547 0.008850 -0.003479 -0.012756 0.061096 
0.090820 -0.014648 -0.011444 -0.005951 -0.013336 -0.018341 0.049683 
0.083130 -0.010056 -0.008362 0.001984 -0.002396 -0.008789 0.046906 
0.073425 -0.001205 0.010155 0.013817 0.003220 0.001404 0.034912 
0.244385 0.115479 0.149902 0.151367 0.150146 0.149414 0.181641 

0.143066 0.055115 0.025940 0.023315 0.028259 0.050537 0.090515 
0.210938 -0.064209 -0.071716 -0.081543 -0.062744 -0.023239 0.149414 
0.170410 -0.085144 -0.077148 -0.088135 -0.069580 -0.023376 0.142822 
0.176514 -0.083191 -0.070374 -0.083191 -0.056122 -0.016357 0.145264 
0.178467 -0.099609 -0.079102 -0.093262 -0.066345 -0.020142 0.151367 
0.188721 -0.112305 -0.112976 -0.134766 -0.111938 -0.069702 0.139648 
0.134277 -0.002258 -0.019974 -0.028030 -0.020340 -0.001343 0.078674 

0.087280 0.109009 0.104858 0.116089 0.104614 0.121948 0.067993 
-0.170898 -0.156006 -0.141602 -0.125977 -0.133789 -0.130981 -0.121582 
-0.247192 -0.228882 -0.224243 -0.216064 -0.206787 -0.213867 -0.189087 
-0.238403 -0.217773 -0.207764 -0.209229 -0.200928 -0.201660 -0.190918 
-0.229736 -0.219849 -0.208618 -0.210083 -0.204956 -0.201294 -0.192139 
-0.220825 -0.215210 -0.199951 -0.193115 -0.192993 -0.194702 -0.195312 
-0.166992 -0.165405 -0.176880 -0.165894 -0.172241 -0.166504 -0.153320 

-0.002869 0.067627 0.074341 0.079712 0.076111 0.070740 -0.054321 
0.100891 0.156006 0.172852 0.177124 0.174316 0.179565 0.000977 
0.070374 0.112915 0.143311 0.149414 0.145874 0.142822 -0.040771 
0.073059 0.117920 0.153809 0.165283 0.159180 0.145508 -0.043823 
0.076843 0.124573 0.154053 0.167725 0.160034 0.150757 -0.039795 
0.096741 0.133179 0.158569 0.173828 0.161133 0.154541 -0.031433 
-0.114380 -0.059082 -0.040771 -0.024719 -0.025208 -0.029724 -0.150879 

-0.050110 -0.044250 -0.068298 -0.060852 -0.057434 -0.054504 0.026733 
-0.059021 -0.080139 -0.112854 -0.099792 -0.101746 -0.094666 0.058380 
-0.089539 -0.122009 -0.136719 -0.131836 -0.135742 -0.123230 0.038147 
-0.094543 -0.126465 -0.144775 -0.142822 -0.132812 -0.133057 0.032654 
-0.089905 -0.124207 -0.132568 -0.140381 -0.127686 -0.126221 0.046722 
-0.097351 -0.130371 -0.138184 -0.146973 -0.138916 -0.133301 0.035950 
-0.173096 -0.189209 -0.204590 -0.202148 -0.196289 -0.186279 -0.079285 

0.047211 0.079956 0.067505 0.036652 0.063477 0.063232 0.183350 
-0.039246 -0.004700 -0.030396 -0.069458 -0.049927 -0.045349 0.122253 
-0.013000 0.012329 -0.014954 -0.046021 -0.028625 -0.016418 0.147705 
-0.023376 0.006042 -0.023621 -0.046997 -0.052124 -0.026245 0.135010 
-0.032715 0.010895 -0.030884 -0.052002 -0.045410 -0.027039 0.144287 
-0.048279 0.017609 -0.034363 -0.068359 -0.060791 -0.043335 0.131958 
-0.109985 -0.064209 -0.075806 -0.111206 -0.084595 -0.072998 -0.038269 

0.122375 -0.040466 -0.061707 -0.053467 -0.061523 -0.061951 0.115173 
0.163940 0.012253 0.007809 0.019516 0.008179 0.009438 0.145264 
0.190063 0.054169 0.052338 0.060486 0.056549 0.043701 0.180054 
0.185913 0.045990 0.043549 0.046173 0.044250 0.030334 0.183105 
0.185181 0.039825 0.037079 0.039246 0.036804 0.025574 0.175171 
0.176270 0.013458 0.004868 0.007671 0.005974 -0.004112 0.156250 
0.221680 0.046204 0.045227 0.047363 0.045288 0.035706 0.216187 

-0.087463 0.017700 0.027069 0.025269 0.026154 0.008423 -0.136475 
-0.141602 -0.184082 -0.147705 -0.156006 -0.157471 -0.189209 -0.231689 
-0.184814 -0.234375 -0.195801 -0.204102 -0.209229 -0.237061 -0.261230 
-0.177246 -0.212402 -0.183838 -0.184082 -0.200439 -0.228271 -0.260742 
-0.183350 -0.212402 -0.181641 -0.179199 -0.199463 -0.225830 -0.248047 
-0.197754 -0.222168 -0.202881 -0.205811 -0.216064 -0.241699 -0.259277 
-0.196533 -0.143555 -0.107117 -0.120544 -0.125488 -0.143066 -0.262939 

0.046143 0.024414 0.072510 0.062744 0.072021 0.089600 0.161133 
-0.139893 -0.114258 -0.110474 -0.125366 -0.111694 -0.095459 0.035645 
-0.176636 -0.155640 -0.145020 -0.161011 -0.142090 -0.141113 0.008545 
-0.168945 -0.155640 -0.142578 -0.155029 -0.146240 -0.127197 0.007080 
-0.166382 -0.157837 -0.137207 -0.151123 -0.145264 -0.124146 0.009277 
-0.122803 -0.109741 -0.084351 -0.100952 -0.094360 -0.089966 0.014160 
-0.043213 -0.009521 0.001465 -0.007080 0.004150 0.006348 0.076416 

-0.111450 -0.081421 -0.052856 -0.051514 -0.052032 -0.070740 -0.074707 
-0.058533 -0.005859 0.047852 0.044189 0.044006 0.004944 -0.072266 
-0.037720 0.003174 0.046570 0.041504 0.037659 0.007874 -0.038391 
-0.029510 0.006226 0.045959 0.052734 0.037720 0.016174 -0.045227 
-0.022949 0.020691 0.057068 0.065247 0.040527 0.022400 -0.039642 
-0.000244 0.055786 0.098328 0.107483 0.084656 0.059326 -0.037292 
0.128174 0.140869 0.141357 0.140869 0.127441 0.112732 0.061340 

0.165894 0.152710 0.116821 0.111694 0.120239 0.111694 0.108276 
-0.072876 -0.163574 -0.173340 -0.181519 -0.182007 -0.186157 -0.182373 
-0.110413 -0.193726 -0.201782 -0.205078 -0.209351 -0.213135 -0.223999 
-0.126221 -0.191162 -0.207275 -0.194336 -0.206299 -0.214722 -0.218628 
-0.129395 -0.179565 -0.213379 -0.196289 -0.205933 -0.213745 -0.208862 
-0.187256 -0.219849 -0.265869 -0.249512 -0.253418 -0.257080 -0.234863 
-0.004761 0.013184 -0.018799 -0.013062 -0.007935 0.001831 -0.054810 

-0.204346 -0.198975 -0.205078 -0.212402 -0.212646 -0.218994 -0.156982 
-0.200684 -0.168457 -0.177734 -0.179932 -0.181152 -0.199463 -0.183838 
-0.135254 -0.110840 -0.109619 -0.111084 -0.118408 -0.143066 -0.138428 
-0.139648 -0.108398 -0.115723 -0.124756 -0.130615 -0.151855 -0.135986 
-0.158447 -0.120605 -0.132324 -0.133545 -0.131836 -0.161865 -0.145996 
-0.188477 -0.151855 -0.165527 -0.166260 -0.161133 -0.190430 -0.156250 
-0.083740 -0.018555 -0.020264 -0.021973 -0.010620 -0.031494 -0.056152 

0.098877 -0.050171 -0.027832 -0.031250 -0.028931 -0.040527 0.082275 
0.207520 0.055176 0.093994 0.095947 0.094727 0.088379 0.234619 
0.245850 0.100342 0.147461 0.151611 0.143555 0.138428 0.261963 
0.240479 0.089844 0.143555 0.143311 0.140625 0.141846 0.266113 
0.235840 0.080322 0.128906 0.133057 0.136475 0.133789 0.255371 
0.199707 0.019531 0.052856 0.063110 0.062744 0.062134 0.200928 
0.229492 0.089111 0.103516 0.112305 0.105225 0.101074 0.231201 

0.032227 0.010742 0.055908 0.043701 0.049805 0.032715 -0.023193 
0.136963 0.150024 0.184326 0.179932 0.182861 0.161133 0.038574 
0.147949 0.170654 0.192383 0.190674 0.201416 0.193970 0.098999 
0.152466 0.173462 0.189941 0.194336 0.193359 0.183716 0.079834 
0.155518 0.177979 0.191040 0.195923 0.187744 0.185913 0.078857 
0.163696 0.194092 0.199829 0.202393 0.198242 0.190674 0.082764 
0.064331 0.027344 0.047363 0.043701 0.042725 0.039307 0.015381 

-0.100098 0.023132 0.069885 0.078308 0.056824 0.091248 0.033142 
-0.286865 -0.165527 -0.149414 -0.130127 -0.162964 -0.125366 -0.150391 
-0.310059 -0.190186 -0.161865 -0.140747 -0.166260 -0.130615 -0.168945 
-0.306641 -0.163696 -0.131836 -0.124451 -0.139526 -0.124207 -0.157959 
-0.309326 -0.175659 -0.148315 -0.143188 -0.146240 -0.145874 -0.179199 
-0.308594 -0.201416 -0.176025 -0.167480 -0.169922 -0.154541 -0.192383 
-0.206787 -0.115295 -0.106506 -0.106995 -0.115601 -0.091309 -0.109497 

0.260498 0.176025 0.198975 0.179199 0.187744 0.187744 0.063232 
0.010498 -0.081909 -0.048340 -0.051270 -0.048828 -0.063721 -0.116211 
-0.034912 -0.120728 -0.075195 -0.078369 -0.072021 -0.106689 -0.187256 
-0.037842 -0.118286 -0.073242 -0.069336 -0.073608 -0.087402 -0.168457 
-0.040527 -0.125122 -0.074829 -0.066650 -0.070435 -0.079956 -0.166504 
-0.025635 -0.130371 -0.083496 -0.066650 -0.065430 -0.081177 -0.159302 
0.188721 0.290283 0.311768 0.316650 0.322510 0.304443 -0.002686 

-0.260254 -0.283203 -0.281250 -0.278320 -0.276855 -0.295410 -0.248901 
-0.081970 -0.158203 -0.155273 -0.151611 -0.155151 -0.183472 -0.117432 
-0.077393 -0.158936 -0.162231 -0.158203 -0.167725 -0.184570 -0.092712 
-0.060791 -0.134766 -0.142334 -0.130371 -0.143677 -0.164795 -0.085815 
-0.058167 -0.137573 -0.150146 -0.134644 -0.155029 -0.172119 -0.087402 
-0.022186 -0.105774 -0.104553 -0.090515 -0.105225 -0.115723 -0.065796 
0.071411 0.059662 0.036987 0.038696 0.031281 0.020203 0.009483 

-0.032471 -0.099731 -0.089661 -0.082336 -0.085999 -0.093018 0.006638 
0.043030 0.087891 0.078064 0.079529 0.084290 0.071289 0.104553 
0.065002 0.092163 0.087097 0.087585 0.084534 0.076416 0.100647 
0.056274 0.097717 0.081726 0.089417 0.079041 0.072144 0.087402 
0.062134 0.108521 0.079529 0.091614 0.084412 0.076355 0.093933 
0.071777 0.111877 0.088867 0.084167 0.077393 0.076233 0.112610 
-0.064514 -0.103577 -0.098694 -0.099060 -0.097900 -0.097290 0.008217 

0.002502 -0.000610 -0.004517 -0.003845 -0.004700 -0.007263 -0.026001 
0.088501 0.102051 0.101746 0.099854 0.100952 0.097290 0.042053 
0.072632 0.065430 0.054382 0.058533 0.058105 0.061951 0.023315 
0.076111 0.067810 0.060181 0.068604 0.067688 0.067200 0.032532 
0.069885 0.060120 0.045715 0.056061 0.057098 0.055939 0.023682 
0.061218 0.064453 0.041473 0.056213 0.053833 0.049988 0.020752 
-0.020020 -0.072876 -0.089844 -0.079224 -0.081299 -0.088013 -0.027344 

-0.093140 -0.075562 -0.057251 -0.057617 -0.055298 -0.061890 -0.110229 
-0.020508 0.000183 0.016724 0.010864 0.016052 -0.003235 -0.036621 
-0.042114 -0.028870 -0.014038 -0.020935 -0.021484 -0.043701 -0.054199 
-0.043823 -0.032776 -0.015198 -0.017090 -0.024414 -0.044922 -0.059814 
-0.035217 -0.021606 -0.003784 -0.006775 -0.018616 -0.039551 -0.055786 
-0.010193 0.003357 0.030701 0.023712 0.017273 -0.011169 -0.037842 
-0.149048 -0.132202 -0.101929 -0.111328 -0.112549 -0.137573 -0.162842 

0.169678 0.231201 0.248779 0.240356 0.247070 0.244141 0.132202 
0.122253 0.157959 0.144043 0.141235 0.136475 0.139648 0.078430 
0.103760 0.145874 0.134033 0.134521 0.131226 0.129761 0.076965 
0.103088 0.150391 0.129272 0.132324 0.125977 0.127441 0.065979 
0.096069 0.156738 0.136230 0.133545 0.128906 0.137207 0.069580 
0.078125 0.147217 0.128174 0.126343 0.127319 0.127686 0.052856 
-0.102112 -0.044373 -0.054626 -0.047913 -0.050964 -0.043030 -0.127441 

0.179199 0.065918 0.078369 0.093567 0.089539 0.085632 0.207520 
0.055664 -0.065002 -0.066101 -0.058289 -0.055481 -0.039917 0.105652 
0.025848 -0.102112 -0.095886 -0.082703 -0.082336 -0.061951 0.083740 
0.025452 -0.105652 -0.090149 -0.084534 -0.067688 -0.068420 0.075317 
0.034119 -0.103455 -0.080872 -0.083679 -0.064514 -0.060974 0.086060 
0.045685 -0.094666 -0.058167 -0.057434 -0.043213 -0.038330 0.089844 
0.016296 -0.187988 -0.193604 -0.184082 -0.184326 -0.173096 0.041199 

0.146606 0.166504 0.202515 0.199585 0.207397 0.187744 0.163818 
0.070435 0.144653 0.195312 0.178955 0.186279 0.158691 0.117188 
0.074585 0.132446 0.193115 0.177490 0.181152 0.160767 0.107544 
0.072571 0.126709 0.192139 0.179199 0.169922 0.159790 0.103149 
0.073975 0.142090 0.203613 0.191528 0.182861 0.171875 0.116394 
0.066895 0.164062 0.215454 0.204834 0.196533 0.178467 0.116699 
0.067993 0.098816 0.147827 0.146484 0.144531 0.130005 0.079224 

0.194214 0.107117 0.151611 0.140869 0.154053 0.107849 0.126953 
0.218750 0.182495 0.195557 0.214844 0.198608 0.138306 0.182373 
0.271973 0.211060 0.223999 0.259521 0.231689 0.178101 0.227173 
0.271729 0.223755 0.227417 0.254150 0.221802 0.162598 0.221436 
0.244873 0.217163 0.208252 0.237305 0.217651 0.150879 0.201050 
0.192383 0.180420 0.149170 0.175659 0.153442 0.096130 0.172485 
0.197632 0.212036 0.207886 0.226807 0.209473 0.179443 0.215820 

-0.210327 -0.061371 -0.052338 -0.066772 -0.062805 -0.054504 -0.293457 
-0.036163 0.173706 0.169678 0.172119 0.168823 0.189331 -0.124268 
-0.012787 0.192749 0.208862 0.218872 0.217651 0.225708 -0.117371 
-0.022003 0.185913 0.202881 0.204956 0.206055 0.231079 -0.113403 
-0.026978 0.187866 0.201904 0.207275 0.219116 0.238892 -0.114746 
-0.038971 0.180176 0.178833 0.188477 0.200806 0.225220 -0.116699 
-0.116211 0.086670 0.102539 0.119751 0.125244 0.132080 -0.160645 

-0.075928 -0.040527 -0.018555 -0.024170 -0.018555 -0.013916 -0.073486 
0.137451 0.227661 0.225464 0.220459 0.217529 0.243408 0.132446 
0.126221 0.174927 0.166016 0.163452 0.159058 0.175171 0.104736 
0.130005 0.174561 0.157471 0.158691 0.160889 0.172363 0.105103 
0.127930 0.184570 0.163696 0.165283 0.167969 0.182739 0.102539 
0.159790 0.205078 0.201050 0.197998 0.202881 0.217285 0.136230 
0.054199 0.048828 0.031494 0.037354 0.045654 0.050537 0.017334 

-0.138916 -0.015747 -0.019043 -0.038208 -0.034180 -0.026123 -0.010498 
-0.221191 -0.070068 -0.097412 -0.109375 -0.101196 -0.090820 -0.012329 
-0.225342 -0.099609 -0.100952 -0.124390 -0.108154 -0.109131 -0.032715 
-0.228760 -0.124390 -0.108276 -0.139648 -0.126343 -0.123291 -0.051758 
-0.208496 -0.101685 -0.071655 -0.117310 -0.102295 -0.100342 -0.031006 
-0.165527 -0.083984 -0.047974 -0.099487 -0.075317 -0.076172 0.002197 
-0.283447 -0.233643 -0.236816 -0.261475 -0.237793 -0.250488 -0.164795 

0.209229 -0.006836 -0.037109 -0.014160 -0.016357 -0.029785 0.144531 
0.162109 -0.115601 -0.128906 -0.121826 -0.124023 -0.149170 0.088379 
0.191162 -0.103760 -0.110962 -0.103149 -0.107910 -0.110107 0.127686 
0.208252 -0.096680 -0.103149 -0.094604 -0.100952 -0.098877 0.124268 
0.195557 -0.100342 -0.111450 -0.096924 -0.110474 -0.098877 0.116699 
0.191162 -0.092651 -0.122070 -0.097656 -0.113647 -0.105469 0.116943 
0.514648 0.247803 0.228760 0.247314 0.240967 0.239990 0.381104 

-0.160156 -0.031677 -0.013184 0.022034 -0.008301 -0.036804 -0.134033 
-0.100647 0.149780 0.152588 0.204102 0.158325 0.107666 -0.059998 
-0.084290 0.141602 0.166748 0.205811 0.149658 0.105164 -0.066711 
-0.090881 0.127930 0.145996 0.187012 0.135498 0.088928 -0.058655 
-0.100281 0.152832 0.153564 0.209473 0.157227 0.097351 -0.076233 
-0.147217 0.111572 0.082336 0.153809 0.105469 0.052704 -0.117249 
-0.087341 0.138672 0.154419 0.206543 0.172607 0.143555 -0.014038 

-0.269043 -0.199219 -0.226807 -0.208984 -0.222412 -0.230225 -0.187012 
-0.225586 -0.154541 -0.152832 -0.139160 -0.155273 -0.157959 -0.134277 
-0.245361 -0.194336 -0.201416 -0.184326 -0.203125 -0.193604 -0.161377 
-0.243652 -0.206787 -0.221924 -0.212402 -0.219727 -0.218994 -0.172852 
-0.228760 -0.191406 -0.194580 -0.185547 -0.191162 -0.199219 -0.165039 
-0.232666 -0.203857 -0.207520 -0.197754 -0.207031 -0.205811 -0.168457 
-0.260010 -0.192627 -0.203613 -0.187988 -0.195312 -0.186768 -0.178955 

-0.147583 -0.101074 -0.110474 -0.124390 -0.115479 -0.090210 -0.117188 
-0.224609 -0.203735 -0.198608 -0.209839 -0.195557 -0.161133 -0.187744 
-0.200806 -0.146118 -0.148560 -0.152344 -0.134399 -0.094971 -0.148682 
-0.191406 -0.155518 -0.147095 -0.152100 -0.126831 -0.087280 -0.154419 
-0.181396 -0.159058 -0.137329 -0.152588 -0.128418 -0.082153 -0.145630 
-0.158813 -0.144653 -0.118896 -0.140869 -0.113647 -0.062073 -0.128296 
-0.261230 -0.304932 -0.309326 -0.315918 -0.306152 -0.276123 -0.201782 

-0.035034 0.080872 0.060364 0.074890 0.067993 0.080078 0.027039 
-0.026886 0.185303 0.154541 0.174805 0.176270 0.194336 0.059509 
-0.001984 0.224609 0.206787 0.219971 0.219482 0.234375 0.081848 
-0.009674 0.200195 0.183838 0.189941 0.206055 0.213135 0.072998 
0.000610 0.200439 0.196777 0.197266 0.214844 0.220947 0.083862 
0.000916 0.210693 0.204590 0.196777 0.203857 0.216309 0.076660 
-0.155762 -0.042603 -0.056885 -0.059143 -0.054871 -0.044342 -0.056213 

-0.125122 -0.076904 -0.123535 -0.096069 -0.111938 -0.133057 -0.050781 
-0.064575 -0.159180 -0.162109 -0.153076 -0.161865 -0.207886 0.011688 
-0.131348 -0.229614 -0.233276 -0.237671 -0.243164 -0.267334 -0.043457 
-0.121216 -0.220703 -0.234497 -0.231445 -0.238159 -0.270996 -0.057739 
-0.119873 -0.204468 -0.226318 -0.214844 -0.231934 -0.258545 -0.048706 
-0.101624 -0.176636 -0.192505 -0.174561 -0.201782 -0.231201 -0.018372 
-0.222290 -0.334473 -0.349365 -0.352783 -0.365967 -0.373535 -0.169800 

0.008179 0.094482 0.059448 0.066040 0.068848 0.058716 -0.023926 
-0.009399 0.035889 0.013306 0.018677 0.016724 0.003906 -0.081604 
-0.032837 0.008423 -0.021362 -0.007080 -0.020996 -0.040894 -0.096008 
-0.028320 -0.005005 -0.035156 -0.022705 -0.031982 -0.054138 -0.106995 
-0.017822 0.003784 -0.017944 -0.011353 -0.020874 -0.049561 -0.104309 
0.023682 0.053955 0.036621 0.035767 0.027588 0.008545 -0.081482 
0.061279 0.118652 0.100586 0.105713 0.096191 0.073364 0.012695 

-0.263428 -0.268066 -0.253662 -0.253906 -0.258545 -0.243652 -0.221924 
-0.121887 -0.078308 -0.056702 -0.063416 -0.061584 -0.041992 -0.112976 
-0.072449 -0.043030 -0.025208 -0.032654 -0.038086 -0.026123 -0.068665 
-0.061462 -0.032715 -0.007935 -0.019775 -0.016724 -0.007141 -0.045837 
-0.066467 -0.051575 -0.023804 -0.032898 -0.028503 -0.023865 -0.063293 
-0.032715 -0.045959 -0.001343 -0.008118 0.002808 0.012756 -0.045837 
-0.206055 -0.212891 -0.192383 -0.189941 -0.188232 -0.200439 -0.172363 

0.134521 -0.008789 -0.008545 -0.013184 -0.020508 -0.003174 0.111084 
0.107178 -0.115234 -0.108643 -0.109863 -0.119629 -0.101318 -0.018311 
0.069092 -0.160767 -0.159424 -0.153442 -0.150269 -0.141602 -0.045654 
0.081299 -0.131592 -0.114746 -0.105957 -0.106201 -0.096680 -0.020508 
0.074219 -0.152588 -0.140869 -0.125732 -0.135010 -0.122314 -0.037109 
0.062012 -0.183960 -0.187378 -0.167114 -0.171509 -0.160156 -0.074463 
0.161377 -0.052002 -0.074463 -0.074219 -0.077881 -0.076172 0.037842 

0.185303 0.186035 0.159180 0.173828 0.156982 0.175293 0.177734 
0.048218 -0.042664 -0.073364 -0.052032 -0.077637 -0.060303 0.035034 
0.030273 -0.105957 -0.133789 -0.108582 -0.136841 -0.111084 0.026794 
0.032654 -0.095459 -0.123474 -0.095093 -0.116577 -0.112305 0.046692 
0.024109 -0.071289 -0.138916 -0.091125 -0.118225 -0.115540 0.038330 
-0.023682 -0.068054 -0.139526 -0.079651 -0.104614 -0.112061 0.019531 
-0.003174 -0.011963 -0.030670 0.002838 -0.022888 -0.011078 0.087952 

-0.282227 -0.337891 -0.308105 -0.313477 -0.310059 -0.356934 -0.264648 
0.002441 -0.172119 -0.127197 -0.142090 -0.150635 -0.185059 0.020020 
0.041504 -0.112549 -0.083984 -0.098877 -0.111816 -0.122559 0.081482 
0.039429 -0.089600 -0.070801 -0.078857 -0.093750 -0.107178 0.088440 
0.037476 -0.091064 -0.078613 -0.086426 -0.104736 -0.116699 0.078918 
0.012329 -0.132324 -0.123047 -0.116699 -0.128174 -0.135254 0.065125 
-0.225098 -0.305176 -0.290039 -0.290283 -0.297852 -0.309082 -0.166016 

0.315430 0.297852 0.341309 0.326660 0.335938 0.322266 0.344727 
0.096802 0.170288 0.208130 0.199097 0.198364 0.165405 0.137329 
0.130005 0.190063 0.234009 0.218628 0.212280 0.174438 0.128052 
0.131470 0.198120 0.248901 0.240601 0.217163 0.199829 0.152222 
0.116089 0.185181 0.216431 0.223511 0.200562 0.182983 0.138794 
0.084839 0.169312 0.188843 0.205444 0.192505 0.156372 0.123169 
0.170776 0.181763 0.180786 0.180542 0.172729 0.142700 0.227173 

0.170898 0.042786 0.034363 0.034973 0.041687 0.051208 0.133057 
0.184814 0.093323 0.071228 0.069763 0.073120 0.083313 0.130371 
0.242310 0.152588 0.131470 0.136353 0.137573 0.160400 0.187378 
0.246704 0.154419 0.138428 0.138672 0.136230 0.159668 0.181274 
0.240967 0.158325 0.145020 0.140381 0.141968 0.165894 0.180420 
0.244019 0.181030 0.157349 0.153687 0.157227 0.175171 0.186646 
0.342529 0.231323 0.214355 0.215698 0.217407 0.221680 0.268311 

-0.127686 -0.070251 -0.100037 -0.093506 -0.097656 -0.060608 -0.119019 
-0.172363 -0.067139 -0.111328 -0.096008 -0.091187 -0.031128 -0.159912 
-0.214355 -0.105652 -0.153320 -0.148682 -0.138306 -0.100830 -0.209961 
-0.230835 -0.132812 -0.177734 -0.182495 -0.144287 -0.113281 -0.206787 
-0.218750 -0.136475 -0.160278 -0.179321 -0.133179 -0.108032 -0.199951 
-0.165283 -0.133423 -0.143433 -0.175537 -0.139648 -0.110413 -0.187988 
-0.213867 -0.210083 -0.235840 -0.245605 -0.220825 -0.191895 -0.208984 

-0.173096 -0.347656 -0.397217 -0.391113 -0.406250 -0.394287 -0.131714 
-0.181519 -0.337158 -0.377441 -0.360596 -0.382812 -0.361572 -0.096191 
-0.193481 -0.347656 -0.400635 -0.385498 -0.405518 -0.403809 -0.140381 
-0.211060 -0.364990 -0.423584 -0.410889 -0.414307 -0.412354 -0.129028 
-0.204468 -0.354492 -0.410645 -0.405273 -0.403564 -0.413330 -0.140991 
-0.183594 -0.365967 -0.421143 -0.419678 -0.416748 -0.409912 -0.126587 
-0.041840 -0.206421 -0.237183 -0.238892 -0.238647 -0.230103 -0.060791 

-0.047150 -0.028900 0.011734 0.000290 0.005386 -0.006119 -0.071167 
0.040588 0.088989 0.104858 0.093750 0.095459 0.086182 -0.008270 
0.050903 0.089539 0.104431 0.093445 0.093811 0.081360 0.001602 
0.051453 0.104004 0.115784 0.105896 0.098633 0.093140 0.010361 
0.048035 0.101929 0.112244 0.106262 0.103027 0.086060 0.006714 
0.038513 0.112244 0.117859 0.106628 0.104858 0.091980 -0.009338 
0.023392 0.134888 0.150269 0.134644 0.130737 0.126221 -0.019577 

0.192871 0.292969 0.340332 0.327148 0.332275 0.360107 0.212158 
0.056946 0.084595 0.115356 0.096863 0.106873 0.122375 0.115356 
0.052612 0.065247 0.095032 0.076782 0.091309 0.109070 0.130981 
0.054749 0.066650 0.109741 0.089966 0.101074 0.116577 0.137329 
0.067078 0.066223 0.101379 0.080322 0.091675 0.114136 0.145874 
0.045166 0.078613 0.108887 0.085205 0.100464 0.109375 0.115417 
0.091492 0.191895 0.201294 0.180420 0.192383 0.197754 0.059631 

-0.023682 0.022614 0.016144 0.015717 -0.011856 0.039734 0.118225 
0.180176 0.209229 0.181396 0.208496 0.198975 0.266602 0.249512 
0.229004 0.285156 0.273682 0.299072 0.307861 0.356445 0.307861 
0.231934 0.292969 0.306396 0.321045 0.346924 0.368652 0.333984 
0.227051 0.260986 0.281250 0.286621 0.318359 0.346680 0.304443 
0.209717 0.183105 0.197021 0.218262 0.251709 0.289062 0.269043 
0.201172 0.182129 0.221924 0.235352 0.233154 0.251221 0.279053 

-0.003601 -0.020630 0.003845 -0.003845 -0.002502 0.001343 -0.028381 
0.141357 0.071167 0.085327 0.085938 0.087952 0.067078 0.083313 
0.165527 0.098022 0.101562 0.102661 0.103882 0.089783 0.125488 
0.184326 0.110474 0.116943 0.120972 0.122925 0.097290 0.124207 
0.181641 0.103516 0.115601 0.120239 0.111206 0.092712 0.118958 
0.171021 0.097961 0.107300 0.116577 0.106689 0.091492 0.114807 
0.184204 0.144409 0.141724 0.145264 0.133789 0.125854 0.113708 

0.130127 0.110229 0.126709 0.127319 0.124634 0.097778 0.131836 
0.123962 0.014038 0.064392 0.054810 0.051941 -0.003052 0.113647 
0.099365 -0.036804 0.002380 -0.000183 -0.011597 -0.055359 0.103088 
0.121704 -0.018250 0.019348 0.021851 -0.002136 -0.042786 0.104309 
0.115967 -0.004822 0.016846 0.030823 -0.005920 -0.039062 0.106018 
0.095520 -0.006775 0.001221 0.019348 -0.008911 -0.049988 0.097778 
0.114563 0.027100 0.059570 0.066223 0.053467 0.022583 0.120605 

-0.084473 -0.002808 -0.036499 -0.022827 -0.040649 -0.012695 -0.066772 
-0.131348 -0.088501 -0.078369 -0.063843 -0.069824 -0.046875 -0.066772 
-0.118652 -0.063843 -0.048950 -0.041992 -0.038696 -0.026978 -0.068115 
-0.135742 -0.094727 -0.071777 -0.086304 -0.061279 -0.053223 -0.072632 
-0.119629 -0.089478 -0.060059 -0.075562 -0.042236 -0.046143 -0.070679 
-0.110596 -0.110596 -0.071655 -0.073975 -0.047974 -0.061279 -0.072388 
-0.144531 -0.122314 -0.121094 -0.110596 -0.101562 -0.094727 -0.104736 

0.098450 0.164795 0.189941 0.148926 0.171875 0.166504 0.051270 
0.119202 0.173584 0.202393 0.176758 0.196289 0.197754 0.092346 
0.141846 0.190186 0.189697 0.174316 0.193604 0.196777 0.111389 
0.131836 0.175049 0.173096 0.172607 0.179199 0.192627 0.109558 
0.142578 0.196533 0.197754 0.191162 0.197510 0.219482 0.127197 
0.139160 0.190918 0.195801 0.171387 0.186279 0.209961 0.125000 
0.000763 -0.008179 -0.014908 -0.029053 -0.013763 -0.012207 -0.038544 

0.099609 -0.075928 -0.015747 -0.001099 -0.002563 -0.058594 0.182251 
0.338135 0.085266 0.128296 0.125854 0.115295 0.063965 0.381836 
0.343750 0.071289 0.131470 0.123657 0.099731 0.065430 0.384277 
0.347900 0.063721 0.105713 0.105713 0.069702 0.046143 0.363281 
0.326172 0.085693 0.106506 0.122559 0.087830 0.049561 0.357422 
0.290283 0.058105 0.051514 0.057373 0.017700 -0.023071 0.304199 
0.192017 0.070618 0.074585 0.086182 0.070190 0.030762 0.240845 

0.030701 0.196777 0.178589 0.216431 0.217041 0.184570 0.121216 
-0.080322 0.133545 0.110962 0.127197 0.133301 0.095703 0.106445 
-0.112305 0.120117 0.113525 0.121338 0.121338 0.091675 0.096313 
-0.110107 0.121216 0.109985 0.118164 0.128052 0.086548 0.084473 
-0.111694 0.121460 0.119019 0.123535 0.132812 0.099731 0.096558 
-0.096436 0.149414 0.152100 0.136597 0.136475 0.114746 0.079468 
0.096802 0.294678 0.291504 0.284424 0.281738 0.262939 0.243530 

-0.042114 -0.098511 -0.103760 -0.081177 -0.090210 -0.067627 -0.002808 
0.044800 0.036682 0.015747 0.019531 0.037354 0.082397 0.105591 
0.043213 0.038757 0.035828 0.030334 0.054565 0.097290 0.114014 
0.030457 0.005737 0.016357 -0.004883 0.039185 0.075378 0.108643 
0.043335 -0.001953 0.031311 -0.001221 0.049133 0.084717 0.117310 
0.076599 0.016113 0.043762 0.003662 0.045105 0.084351 0.120239 
-0.070679 -0.124390 -0.092041 -0.108521 -0.092651 -0.065430 -0.043579 

0.132324 0.041443 0.062805 0.046509 0.055847 0.067322 0.195312 
0.230469 0.125244 0.108826 0.094543 0.107483 0.144287 0.309082 
0.224609 0.109924 0.101135 0.091980 0.099060 0.135010 0.285645 
0.213867 0.099182 0.085510 0.069641 0.093567 0.121399 0.283936 
0.218262 0.105408 0.104675 0.066833 0.104309 0.134033 0.297852 
0.214600 0.098694 0.117615 0.079651 0.119080 0.144775 0.301514 
0.171631 0.077698 0.060303 0.037354 0.053894 0.079529 0.204834 

0.120422 0.162598 0.195801 0.212646 0.221191 0.161377 0.386719 
0.362061 0.399170 0.405518 0.397217 0.412598 0.358643 0.573242 
0.367676 0.423584 0.429199 0.417236 0.414307 0.377930 0.604004 
0.380371 0.428467 0.420898 0.418213 0.416260 0.377441 0.596191 
0.366211 0.429199 0.435547 0.429688 0.428467 0.388916 0.596191 
0.375488 0.436768 0.444824 0.419189 0.418457 0.382324 0.589844 
0.248779 0.142212 0.143311 0.124878 0.134644 0.108154 0.452881 

0.095459 0.079468 0.048950 0.066040 0.054688 0.058441 0.114563 
-0.062622 -0.042969 -0.083862 -0.082275 -0.081543 -0.076660 -0.036255 
-0.074829 -0.075806 -0.126343 -0.130615 -0.116821 -0.119751 -0.071655 
-0.077881 -0.079346 -0.132935 -0.128174 -0.115845 -0.118774 -0.061401 
-0.067383 -0.058960 -0.122192 -0.113037 -0.109741 -0.107422 -0.054077 
-0.062134 -0.044922 -0.102539 -0.090576 -0.083008 -0.080933 -0.036987 
-0.009338 -0.050293 -0.088501 -0.078735 -0.058716 -0.058716 0.001953 

-0.259277 -0.205566 -0.223511 -0.214600 -0.212158 -0.188965 -0.087952 
-0.107361 -0.102051 -0.124695 -0.110229 -0.101074 -0.035889 0.034912 
-0.080444 -0.067871 -0.072998 -0.070374 -0.057983 -0.010620 0.038818 
-0.096436 -0.092285 -0.102905 -0.117310 -0.080750 -0.046631 0.015381 
-0.078125 -0.071838 -0.064026 -0.088806 -0.049927 -0.016724 0.034180 
-0.038818 -0.057129 -0.035645 -0.069946 -0.040649 0.000244 0.058716 
-0.168945 -0.243042 -0.236206 -0.243652 -0.227783 -0.206543 -0.148438 

-0.115723 0.224609 0.208496 0.198486 0.201172 0.199219 -0.140137 
-0.023926 0.190186 0.177002 0.171631 0.173584 0.186523 -0.109863 
0.000488 0.233887 0.224609 0.218994 0.225586 0.225098 -0.078125 
-0.004883 0.214111 0.201416 0.199219 0.209229 0.203857 -0.080566 
-0.005371 0.206787 0.199219 0.192871 0.201416 0.204346 -0.073242 
-0.009277 0.210938 0.225098 0.207520 0.223389 0.226318 -0.060059 
-0.275391 0.020508 0.042480 0.021973 0.043457 0.049316 -0.246094 

-0.023666 -0.298340 -0.207886 -0.206909 -0.203735 -0.233032 -0.013626 
0.035614 -0.184326 -0.112122 -0.109009 -0.123901 -0.141724 -0.006546 
0.042114 -0.208374 -0.126343 -0.120239 -0.147217 -0.158569 0.004955 
0.041962 -0.184326 -0.098022 -0.082336 -0.105164 -0.130249 0.025314 
0.031952 -0.184814 -0.121948 -0.099670 -0.122131 -0.151123 0.004154 
0.013626 -0.190430 -0.135498 -0.100403 -0.133545 -0.158691 0.002659 
-0.007381 -0.292725 -0.230103 -0.213867 -0.237305 -0.253174 -0.060120 

0.085571 0.054230 0.096802 0.071167 0.084961 0.050385 0.052887 
0.095337 0.047638 0.112427 0.074829 0.093018 0.029083 0.006866 
0.147339 0.141724 0.199463 0.169922 0.187622 0.147705 0.074951 
0.164307 0.174438 0.223999 0.215210 0.195923 0.182739 0.090088 
0.156616 0.175293 0.203003 0.206909 0.166504 0.167603 0.085449 
0.146484 0.158203 0.182495 0.191650 0.170288 0.158691 0.079956 
0.200439 0.238159 0.251465 0.236206 0.240356 0.210083 0.102051 

-0.234131 -0.156372 -0.199707 -0.197876 -0.203369 -0.184326 -0.265869 
-0.338379 -0.286377 -0.312256 -0.304688 -0.316895 -0.284180 -0.435059 
-0.367188 -0.314941 -0.339355 -0.324463 -0.328613 -0.305664 -0.468994 
-0.369629 -0.317627 -0.335938 -0.320068 -0.323486 -0.298340 -0.450684 
-0.372803 -0.332031 -0.354492 -0.339600 -0.331299 -0.309326 -0.449463 
-0.388428 -0.331299 -0.358643 -0.344727 -0.337402 -0.310059 -0.474609 
-0.141968 -0.032166 -0.069946 -0.073730 -0.067017 -0.062622 -0.205078 

-0.028290 0.044708 0.049194 0.048584 0.041260 0.048218 -0.010162 
0.054688 0.114136 0.131226 0.141357 0.132568 0.137817 0.055298 
0.065063 0.146606 0.157715 0.167236 0.164185 0.167969 0.062256 
0.065918 0.149658 0.162231 0.168457 0.166016 0.167480 0.069824 
0.068665 0.147461 0.163086 0.170410 0.166992 0.165161 0.062256 
0.067810 0.141113 0.152344 0.160767 0.158691 0.157104 0.061523 
0.051025 0.187012 0.184570 0.191162 0.186768 0.188843 0.055328 

-0.064453 -0.062988 -0.088745 -0.083252 -0.083252 -0.039001 -0.082031 
-0.021423 0.066223 0.029999 0.035126 0.039703 0.103149 -0.077271 
0.017334 0.093262 0.080017 0.079834 0.088379 0.156250 -0.033447 
0.016998 0.072388 0.067871 0.062134 0.092407 0.145874 -0.044189 
0.032288 0.076294 0.081360 0.066650 0.100525 0.149902 -0.040894 
0.079651 0.122864 0.147095 0.136230 0.161255 0.212646 -0.010071 
0.098389 0.081787 0.085510 0.073059 0.090454 0.122070 0.028809 

0.156006 0.070923 0.063843 0.076172 0.074890 0.080200 0.137451 
0.171021 0.058289 0.040405 0.058960 0.051880 0.063843 0.139648 
0.165039 0.046326 0.024658 0.045227 0.036987 0.045654 0.138306 
0.162842 0.043823 0.021606 0.036621 0.043213 0.036255 0.137695 
0.167725 0.052795 0.025635 0.040527 0.051025 0.043457 0.139282 
0.173462 0.067688 0.049377 0.062988 0.064270 0.062378 0.148926 
0.182373 0.031860 0.011841 0.027466 0.024414 0.030273 0.160767 

-0.009949 -0.004913 -0.011490 -0.002136 -0.010071 -0.000656 -0.098267 
-0.130737 -0.146851 -0.146973 -0.134888 -0.143677 -0.109619 -0.231567 
-0.121094 -0.129150 -0.131836 -0.120605 -0.131470 -0.117432 -0.235962 
-0.135132 -0.135254 -0.137939 -0.134521 -0.127930 -0.114868 -0.216675 
-0.132080 -0.140015 -0.138184 -0.136963 -0.122437 -0.119873 -0.220947 
-0.113037 -0.150269 -0.143433 -0.133911 -0.120972 -0.106812 -0.212646 
-0.179688 -0.194702 -0.185181 -0.179688 -0.170410 -0.156494 -0.208496 

0.260254 0.220459 0.274170 0.276855 0.284912 0.280762 0.114075 
0.122925 0.001465 0.020752 0.023682 0.014404 -0.005249 -0.076172 
0.129761 -0.011230 0.003784 0.010376 -0.012207 -0.013550 -0.062744 
0.152954 0.012573 0.037109 0.050171 0.031738 0.010254 -0.059937 
0.143311 0.014648 0.026001 0.040405 0.023315 -0.000244 -0.057983 
0.134766 0.016357 0.019165 0.032104 0.016846 -0.001099 -0.056152 
0.326172 0.295410 0.343750 0.334961 0.325195 0.325195 0.130127 

0.083496 -0.062317 -0.097961 -0.094910 -0.093445 -0.115540 0.024597 
0.114197 0.076721 0.038208 0.050598 0.038757 0.014221 0.122437 
0.134766 0.081299 0.043335 0.050476 0.038666 0.016296 0.110229 
0.107544 0.052734 -0.002441 0.000671 -0.013489 -0.019287 0.094849 
0.101257 0.060059 -0.002502 0.012451 0.002136 -0.008606 0.094360 
0.083069 0.040527 -0.027832 -0.012207 -0.028503 -0.045471 0.094849 
0.048889 -0.085510 -0.118713 -0.102234 -0.106262 -0.115417 0.030701 

0.121521 -0.020950 -0.062683 -0.052094 -0.050232 -0.066956 0.013107 
0.090698 -0.066284 -0.102722 -0.091736 -0.079407 -0.080811 0.010727 
0.086304 -0.066833 -0.095764 -0.093872 -0.082764 -0.091614 -0.027893 
0.079590 -0.074219 -0.116638 -0.117493 -0.107910 -0.102783 -0.031433 
0.076172 -0.076050 -0.110840 -0.102295 -0.088013 -0.077820 -0.018707 
0.063171 -0.096985 -0.144775 -0.143799 -0.137451 -0.131104 -0.029724 
-0.192383 -0.380371 -0.410645 -0.398193 -0.390137 -0.385254 -0.200073 

0.132568 -0.026245 -0.025513 -0.018677 -0.008423 -0.025146 0.131104 
0.076416 -0.090942 -0.094910 -0.111328 -0.099731 -0.093750 -0.023560 
0.096924 -0.044678 -0.033447 -0.045654 -0.042236 -0.040405 -0.004883 
0.117432 -0.020264 -0.013306 -0.017700 -0.019531 -0.019043 -0.004150 
0.117188 -0.019897 -0.013794 -0.023560 -0.023071 -0.022217 -0.001953 
0.165527 0.013306 0.033813 0.006348 0.010498 0.013306 0.013916 
0.200195 0.008179 0.052734 0.031006 0.037720 0.025879 0.090576 

0.167114 0.291992 0.295898 0.306396 0.299805 0.331299 0.065186 
0.159790 0.211060 0.215942 0.219360 0.233398 0.265381 0.008408 
0.139893 0.202637 0.212158 0.213379 0.228882 0.249390 0.004921 
0.150146 0.200439 0.203613 0.211304 0.235229 0.250732 0.005096 
0.156372 0.193726 0.207520 0.213623 0.227905 0.253662 0.010277 
0.185303 0.229614 0.243042 0.246460 0.258789 0.277588 0.017807 
-0.003098 0.168335 0.148682 0.164673 0.174072 0.186768 -0.041443 

0.330078 0.299316 0.268311 0.268311 0.268799 0.258301 0.332764 
0.181641 0.193970 0.192627 0.189453 0.184937 0.174194 0.226807 
0.192505 0.195923 0.187744 0.180786 0.182617 0.173706 0.206421 
0.178467 0.182373 0.169189 0.163818 0.152222 0.163208 0.205200 
0.183228 0.196777 0.166016 0.170410 0.154785 0.165771 0.206909 
0.152222 0.162476 0.131592 0.146118 0.130127 0.130005 0.207520 
0.086304 0.055298 0.033051 0.040894 0.039978 0.035156 0.135010 

0.043884 0.112549 0.083801 0.082153 0.082642 0.092041 0.103027 
0.050232 0.139893 0.100647 0.100464 0.104797 0.115356 0.112732 
0.023132 0.122620 0.076172 0.085205 0.086548 0.093933 0.079956 
0.005127 0.101074 0.055359 0.065063 0.077271 0.083252 0.075134 
0.016785 0.112000 0.076782 0.070068 0.087708 0.087769 0.078308 
0.050476 0.149170 0.126465 0.115112 0.127075 0.131592 0.116455 
-0.054688 0.060364 0.027039 0.020203 0.026733 0.039795 0.032776 

-0.089600 -0.202881 -0.252197 -0.235596 -0.250244 -0.230103 -0.080444 
-0.311279 -0.370361 -0.395508 -0.377441 -0.394775 -0.379883 -0.275635 
-0.288086 -0.347412 -0.378662 -0.362549 -0.377441 -0.347412 -0.262695 
-0.281738 -0.340576 -0.382812 -0.368164 -0.368652 -0.348145 -0.267822 
-0.265625 -0.321533 -0.365479 -0.354980 -0.353516 -0.333252 -0.265381 
-0.219604 -0.297363 -0.325684 -0.312988 -0.322266 -0.293945 -0.226074 
-0.143188 -0.222290 -0.277832 -0.265869 -0.275391 -0.258057 -0.161743 

0.036011 0.032104 -0.001831 0.026611 0.016113 0.006470 0.093933 
0.005981 0.033203 0.022705 0.038879 0.028564 0.036682 0.085938 
-0.039307 -0.036255 -0.047241 -0.035767 -0.048950 -0.050293 -0.025269 
-0.046753 -0.048828 -0.062866 -0.048096 -0.051880 -0.058350 -0.022095 
-0.030884 -0.019775 -0.036743 -0.025391 -0.029785 -0.037231 -0.003418 
-0.030762 0.013184 0.003906 0.011719 0.001099 0.005127 0.019653 
-0.157471 -0.197510 -0.206543 -0.194336 -0.201172 -0.213135 -0.122070 

0.023926 -0.027222 -0.008667 -0.013733 -0.006958 -0.021179 -0.094543 
-0.066833 -0.016968 -0.012817 -0.015381 -0.013000 -0.015503 -0.196289 
-0.022522 0.016510 0.034363 0.037323 0.033325 0.025360 -0.166016 
-0.009460 0.037048 0.044250 0.048462 0.042084 0.037659 -0.151123 
-0.026062 0.025360 0.029083 0.043762 0.038452 0.029633 -0.161865 
0.001160 0.044067 0.025177 0.036041 0.030075 0.025452 -0.155273 
-0.029907 -0.037292 -0.040833 -0.041016 -0.046082 -0.054626 -0.154297 

0.089417 0.098450 0.072571 0.074646 0.065613 0.055115 0.107239 
0.106750 0.128662 0.126465 0.135010 0.118347 0.097229 0.104553 
0.140381 0.155762 0.163574 0.175781 0.157715 0.136963 0.139404 
0.133789 0.144775 0.147949 0.166992 0.144043 0.134033 0.128906 
0.132812 0.144043 0.142822 0.165039 0.139893 0.126953 0.116394 
0.135498 0.129395 0.145264 0.167236 0.145996 0.131348 0.120667 
0.096497 0.037964 0.035828 0.051453 0.035889 0.019592 0.107605 

0.314697 0.226318 0.255615 0.242188 0.253906 0.251709 0.241943 
0.056488 0.038666 0.087524 0.065063 0.083130 0.082275 -0.002014 
0.064697 0.066650 0.112061 0.089722 0.108276 0.117065 0.029877 
0.053070 0.058868 0.102661 0.083496 0.093262 0.114868 0.021637 
0.055389 0.066406 0.112671 0.092041 0.102173 0.122437 0.039398 
0.041229 0.045197 0.078247 0.050323 0.064819 0.082520 0.027679 
0.197998 0.138672 0.177979 0.162964 0.180176 0.182495 0.151367 

-0.099121 -0.036743 -0.087158 -0.079346 -0.085938 -0.077271 -0.064819 
-0.023254 -0.182495 -0.222290 -0.206421 -0.217163 -0.193481 -0.027588 
-0.005005 -0.160522 -0.200806 -0.181763 -0.200317 -0.181519 -0.003479 
-0.013916 -0.161255 -0.200806 -0.185181 -0.182251 -0.184937 -0.010437 
0.009766 -0.138550 -0.181519 -0.167114 -0.168091 -0.164917 0.013489 
0.028198 -0.110229 -0.147705 -0.128540 -0.133179 -0.120361 0.021851 
-0.155151 -0.171265 -0.219604 -0.206421 -0.221069 -0.208130 -0.137939 

-0.033569 -0.073730 -0.078308 -0.079407 -0.081909 -0.088867 -0.042969 
0.141846 -0.022522 -0.016479 -0.005859 -0.008301 -0.002441 0.056885 
0.108887 -0.058289 -0.049988 -0.043640 -0.046509 -0.050781 0.002563 
0.116455 -0.046448 -0.032349 -0.031128 -0.029785 -0.042969 0.014282 
0.120361 -0.040405 -0.030579 -0.031250 -0.033081 -0.040039 0.013428 
0.111816 -0.046082 -0.029724 -0.024719 -0.031311 -0.036377 0.008911 
0.024048 -0.114807 -0.097351 -0.095154 -0.107178 -0.122559 -0.001465 

0.011536 -0.051758 -0.072388 -0.073242 -0.073975 -0.079712 -0.058350 
-0.010010 -0.053833 -0.058594 -0.062622 -0.062378 -0.072754 -0.052124 
-0.018982 -0.068359 -0.077637 -0.079102 -0.076538 -0.086426 -0.082275 
-0.026611 -0.077515 -0.095215 -0.100464 -0.097290 -0.097900 -0.082764 
-0.036316 -0.074341 -0.084961 -0.087036 -0.081299 -0.084717 -0.075317 
-0.045410 -0.091064 -0.101929 -0.102539 -0.095703 -0.104248 -0.083862 
-0.115845 -0.110962 -0.136475 -0.140137 -0.127319 -0.125488 -0.099976 

0.262451 0.240723 0.246338 0.255615 0.251709 0.267090 0.296387 
0.200562 0.202637 0.189941 0.204712 0.202271 0.225098 0.262939 
0.204468 0.192261 0.184570 0.193481 0.194580 0.212402 0.258301 
0.201294 0.199707 0.200073 0.205078 0.215576 0.216797 0.259766 
0.203491 0.193481 0.195190 0.195435 0.214355 0.209473 0.260498 
0.223389 0.206909 0.214844 0.208252 0.221191 0.229492 0.265869 
0.241943 0.231689 0.234131 0.230713 0.236816 0.246582 0.264648 

-0.062500 -0.083862 -0.107300 -0.098755 -0.098755 -0.125366 -0.132446 
-0.170532 -0.057739 -0.023926 -0.025146 -0.033203 -0.061401 -0.166870 
-0.139771 -0.011963 0.001953 0.009644 -0.010254 -0.029541 -0.131226 
-0.151001 -0.017944 -0.017090 -0.012085 -0.031250 -0.056519 -0.139526 
-0.156860 0.002075 -0.004883 0.008301 -0.010864 -0.042969 -0.135620 
-0.173218 0.000854 -0.005493 0.006470 -0.010254 -0.040283 -0.144165 
-0.107788 -0.072510 -0.075562 -0.066040 -0.069702 -0.090698 -0.067261 

-0.302979 -0.349609 -0.314941 -0.326416 -0.329590 -0.291504 -0.329834 
-0.160645 -0.277100 -0.256836 -0.242188 -0.246094 -0.208008 -0.169189 
-0.125732 -0.261719 -0.225098 -0.224609 -0.214844 -0.196289 -0.152344 
-0.128784 -0.267090 -0.214600 -0.227783 -0.204834 -0.200684 -0.145142 
-0.116699 -0.262939 -0.199219 -0.215576 -0.193848 -0.186279 -0.145020 
-0.096558 -0.286865 -0.228516 -0.237549 -0.214844 -0.204590 -0.156006 
-0.222900 -0.319580 -0.257568 -0.258789 -0.255371 -0.248291 -0.283203 

-0.038574 0.092957 0.096252 0.078552 0.081482 0.072937 -0.060913 
-0.136841 -0.018188 0.003113 -0.024353 -0.010315 0.002563 -0.070923 
-0.149292 0.020752 0.044159 0.010803 0.029480 0.044220 -0.074707 
-0.166138 -0.002014 0.013794 -0.020264 0.000366 0.022339 -0.089355 
-0.159790 -0.001709 0.028198 -0.015015 0.011414 0.030579 -0.076172 
-0.159546 -0.022339 0.013306 -0.038208 -0.008972 0.014954 -0.076538 
-0.352539 -0.194214 -0.161255 -0.194702 -0.176880 -0.167847 -0.303223 

0.106201 0.114014 0.114502 0.094971 0.099609 0.129761 0.091431 
0.110718 0.124878 0.134399 0.118896 0.128174 0.148438 0.094604 
0.083618 0.096924 0.101807 0.093384 0.110229 0.125732 0.076416 
0.076660 0.084717 0.106567 0.095703 0.110352 0.130737 0.069580 
0.085083 0.085693 0.106934 0.098877 0.114746 0.138672 0.081665 
0.091553 0.109497 0.115723 0.104370 0.119141 0.142456 0.081177 
0.005371 -0.041565 -0.031189 -0.045410 -0.031982 -0.020721 0.026886 

-0.025177 0.132080 0.189209 0.178711 0.170410 0.168701 0.005768 
-0.037048 0.122803 0.178711 0.177490 0.165527 0.155518 0.001373 
-0.013916 0.161133 0.192383 0.198975 0.193848 0.176025 -0.008148 
0.002502 0.180176 0.207031 0.209229 0.197266 0.174805 0.000366 
0.005173 0.180176 0.205811 0.204102 0.191650 0.162842 -0.003754 
0.009796 0.180664 0.219238 0.220947 0.208984 0.182129 0.024124 
-0.274902 -0.144531 -0.090027 -0.097107 -0.104553 -0.122498 -0.225586 

-0.141235 -0.126709 -0.148926 -0.145020 -0.144653 -0.138184 -0.222534 
-0.120728 -0.036072 -0.044617 -0.046875 -0.037781 -0.014893 -0.150513 
-0.132446 -0.012634 -0.012390 -0.020386 -0.000854 0.017578 -0.166504 
-0.135376 -0.030701 -0.033142 -0.050354 -0.030701 0.017334 -0.165405 
-0.138062 -0.044617 -0.035522 -0.048096 -0.025269 0.025757 -0.157227 
-0.117310 -0.026062 -0.033997 -0.043335 -0.030579 0.011230 -0.140869 
-0.011841 0.019531 0.008789 0.013428 0.023804 0.049927 -0.052795 

-0.124878 0.125244 0.075195 0.067749 0.069580 0.082397 0.027832 
-0.149048 0.014526 -0.036987 -0.041138 -0.047729 -0.017944 0.080444 
-0.189575 -0.043823 -0.089722 -0.095825 -0.096313 -0.064087 0.061035 
-0.210815 -0.069458 -0.119751 -0.121704 -0.107788 -0.082642 0.046631 
-0.194458 -0.059204 -0.091675 -0.107788 -0.088013 -0.068970 0.058228 
-0.189819 -0.057251 -0.094604 -0.119019 -0.099487 -0.071411 0.055420 
-0.198364 0.053223 -0.013184 -0.022827 -0.012085 0.012329 -0.022583 

-0.298584 -0.255859 -0.236572 -0.237061 -0.241455 -0.228516 -0.204590 
-0.170410 -0.134766 -0.125977 -0.118530 -0.122925 -0.105713 -0.156372 
-0.208252 -0.179688 -0.169434 -0.151001 -0.169434 -0.178223 -0.198242 
-0.227051 -0.202393 -0.179443 -0.170654 -0.178223 -0.198242 -0.195068 
-0.214111 -0.186279 -0.167969 -0.160889 -0.160400 -0.189453 -0.191162 
-0.241699 -0.197021 -0.191650 -0.180176 -0.179932 -0.189941 -0.197510 
-0.184082 -0.164551 -0.118408 -0.109619 -0.111450 -0.126953 -0.190918 

-0.085449 -0.165039 -0.200073 -0.208496 -0.207031 -0.223145 -0.270508 
0.092651 -0.013306 -0.008545 -0.004639 -0.008545 -0.020142 -0.096313 
0.093872 0.008179 -0.006836 -0.000977 0.002441 -0.009644 -0.096985 
0.094849 0.013794 -0.014893 -0.001953 -0.007812 -0.002319 -0.086609 
0.083862 0.012939 -0.018433 -0.004639 -0.009888 0.004028 -0.085876 
0.054321 -0.010010 -0.060913 -0.039673 -0.041260 -0.028687 -0.082092 
-0.089172 -0.162964 -0.213013 -0.204102 -0.201904 -0.194946 -0.234863 

-0.275879 -0.117188 -0.068726 -0.096191 -0.082153 -0.096191 -0.368652 
-0.138184 0.176270 0.197876 0.180420 0.194458 0.162964 -0.194092 
-0.081177 0.221069 0.214355 0.197876 0.211670 0.181396 -0.157471 
-0.063721 0.233887 0.220215 0.208984 0.205811 0.188843 -0.152100 
-0.071899 0.229248 0.210693 0.203491 0.198853 0.175415 -0.163574 
-0.064941 0.269287 0.250732 0.232422 0.227539 0.199219 -0.169434 
-0.045166 0.327637 0.294922 0.281494 0.287109 0.259277 -0.083252 

0.090576 0.034546 0.104736 0.074219 0.090576 0.082886 0.034546 
0.041504 0.057617 0.117676 0.091064 0.110107 0.079102 -0.025330 
0.037720 0.042725 0.110840 0.092651 0.103516 0.064087 -0.029480 
0.035889 0.045288 0.113037 0.100464 0.093262 0.062500 -0.039673 
0.040771 0.062134 0.127686 0.117432 0.102661 0.073730 -0.033875 
0.033691 0.062622 0.121094 0.108398 0.103027 0.065430 -0.035400 
0.112305 0.082397 0.158447 0.144287 0.133057 0.100098 0.037476 

-0.125000 -0.116699 -0.141846 -0.147949 -0.133057 -0.125488 -0.064697 
-0.142334 -0.176270 -0.181641 -0.200195 -0.182129 -0.165771 -0.006104 
-0.120361 -0.125977 -0.139160 -0.158936 -0.144775 -0.122559 0.009888 
-0.131836 -0.143311 -0.151367 -0.184326 -0.154541 -0.138428 0.009644 
-0.125732 -0.158203 -0.157471 -0.188232 -0.154541 -0.136963 0.023193 
-0.150879 -0.178467 -0.183105 -0.210938 -0.182617 -0.170898 0.003296 
-0.280273 -0.220215 -0.252930 -0.273682 -0.250244 -0.245850 -0.159180 

0.033569 0.074585 0.078491 0.077271 0.080383 0.072510 0.048645 
0.071777 0.125732 0.137329 0.130127 0.131836 0.137451 0.076172 
0.087158 0.155396 0.166016 0.160767 0.151245 0.156860 0.083679 
0.068176 0.142578 0.141968 0.135620 0.133179 0.142334 0.078918 
0.057007 0.145386 0.147339 0.139648 0.145996 0.146851 0.084778 
0.043396 0.138428 0.136230 0.122559 0.124268 0.133057 0.083984 
0.132080 0.167969 0.175171 0.163330 0.163452 0.177490 0.147705 

-0.090820 -0.154785 -0.168701 -0.166260 -0.178955 -0.161377 -0.017105 
-0.290283 -0.378174 -0.403320 -0.399658 -0.405762 -0.400391 -0.143799 
-0.280029 -0.362061 -0.378662 -0.376953 -0.378906 -0.377441 -0.126831 
-0.290527 -0.377930 -0.394775 -0.395020 -0.386230 -0.394775 -0.132324 
-0.270996 -0.366699 -0.378418 -0.385742 -0.375732 -0.385498 -0.123413 
-0.241211 -0.354736 -0.353271 -0.361572 -0.353516 -0.360352 -0.100281 
-0.147217 -0.108582 -0.097229 -0.105774 -0.112366 -0.108276 -0.009613 

-0.134766 0.049927 0.060974 0.077148 0.060486 0.049194 -0.167114 
-0.078247 -0.077881 -0.068054 -0.054871 -0.067383 -0.102356 -0.119446 
-0.084351 -0.097839 -0.075500 -0.070740 -0.083557 -0.125732 -0.166748 
-0.067200 -0.084656 -0.074219 -0.072449 -0.090759 -0.125732 -0.174805 
-0.067810 -0.075439 -0.066040 -0.060303 -0.084106 -0.113831 -0.163574 
-0.049561 -0.057007 -0.055115 -0.052856 -0.077698 -0.102966 -0.145142 
-0.328125 -0.196289 -0.151001 -0.147583 -0.169556 -0.199585 -0.322510 

