0.147705 0.087036 0.084961 0.080688 0.078369 0.087402 0.107849 
0.041565 -0.049561 -0.047363 -0.040100 -0.048706 -0.042114 -0.023682 
0.041931 -0.049438 -0.054932 -0.050049 -0.053223 -0.048279 -0.032532 
0.040436 -0.053345 -0.053101 -0.055542 -0.057007 -0.054565 -0.034485 
0.044189 -0.051147 -0.048218 -0.057007 -0.056519 -0.048828 -0.038940 
0.045471 -0.057495 -0.054199 -0.056519 -0.056519 -0.049927 -0.039429 
0.084778 0.008179 0.006409 0.020782 0.012268 0.007935 0.019287 

-0.033325 -0.028931 -0.018555 -0.025146 -0.024292 -0.017700 -0.007324 
-0.112549 -0.045288 -0.042847 -0.056519 -0.056030 -0.047363 -0.020996 
-0.105469 -0.049805 -0.057007 -0.063965 -0.052124 -0.051147 -0.016724 
-0.114868 -0.067261 -0.070190 -0.079224 -0.079346 -0.067017 -0.020630 
-0.114014 -0.068970 -0.063843 -0.079712 -0.075806 -0.060669 -0.014404 
-0.108521 -0.051270 -0.046021 -0.066040 -0.059082 -0.052856 -0.006836 
-0.112915 -0.077271 -0.059937 -0.070679 -0.059692 -0.065063 -0.026245 

0.152222 0.174683 0.183472 0.174927 0.173706 0.180298 0.168579 
0.138062 0.150024 0.162231 0.156616 0.149048 0.159790 0.129272 
0.139771 0.149048 0.145386 0.145874 0.149536 0.157593 0.124390 
0.143921 0.159058 0.153687 0.154419 0.155884 0.162476 0.135132 
0.147339 0.161743 0.152710 0.152466 0.155396 0.164185 0.135132 
0.147583 0.167847 0.157349 0.156128 0.159546 0.166138 0.137329 
0.147583 0.155640 0.159546 0.154175 0.159790 0.168335 0.145630 

-0.130981 -0.088013 -0.085327 -0.085022 -0.090942 -0.082764 -0.071472 
-0.126709 -0.083801 -0.078674 -0.075378 -0.081177 -0.084839 -0.064880 
-0.133545 -0.095459 -0.090210 -0.090454 -0.087891 -0.085815 -0.067261 
-0.135010 -0.102051 -0.094116 -0.092773 -0.089966 -0.078979 -0.064819 
-0.129761 -0.098083 -0.096436 -0.091797 -0.089844 -0.073364 -0.067017 
-0.123291 -0.076782 -0.081848 -0.072937 -0.068726 -0.063354 -0.049225 
-0.088379 -0.019257 -0.027649 -0.014915 -0.012093 -0.011696 -0.007164 

0.120850 0.112305 0.112305 0.125977 0.110352 0.115967 0.111328 
0.172852 0.175293 0.192139 0.197510 0.177734 0.182617 0.156738 
0.173096 0.167725 0.184082 0.180908 0.178711 0.192139 0.162109 
0.167969 0.165771 0.175293 0.182129 0.184570 0.192871 0.164551 
0.171387 0.182129 0.174072 0.193115 0.187744 0.191650 0.164307 
0.155029 0.178955 0.164307 0.181641 0.178711 0.178955 0.159668 
0.127930 0.125977 0.124756 0.133301 0.132324 0.142334 0.131104 

-0.133789 -0.156250 -0.176758 -0.175293 -0.179688 -0.166016 -0.130859 
-0.141602 -0.144043 -0.148438 -0.152832 -0.154785 -0.146973 -0.130859 
-0.134766 -0.129883 -0.139160 -0.145508 -0.143066 -0.127930 -0.138672 
-0.141602 -0.148438 -0.153809 -0.166992 -0.173340 -0.140625 -0.134277 
-0.142578 -0.147949 -0.146484 -0.160645 -0.164062 -0.133301 -0.140137 
-0.129395 -0.123047 -0.131348 -0.144043 -0.153809 -0.132812 -0.127930 
-0.078369 -0.068359 -0.080322 -0.077881 -0.087402 -0.082764 -0.072510 

-0.120850 -0.107910 -0.103149 -0.094360 -0.100098 -0.105713 -0.132324 
-0.094482 -0.076538 -0.069702 -0.061523 -0.071411 -0.065063 -0.097900 
-0.089844 -0.071045 -0.068970 -0.059082 -0.070923 -0.069946 -0.089478 
-0.090454 -0.068115 -0.069824 -0.062134 -0.061401 -0.078979 -0.092041 
-0.092651 -0.068726 -0.068604 -0.066162 -0.061890 -0.080933 -0.091309 
-0.092773 -0.077393 -0.070312 -0.066040 -0.066528 -0.076416 -0.094849 
-0.106934 -0.096436 -0.087402 -0.083374 -0.085571 -0.088135 -0.108643 

-0.019531 0.012451 0.017822 0.019287 0.017578 0.015625 -0.000244 
0.013916 0.046387 0.047363 0.050537 0.050537 0.043945 0.036133 
0.016113 0.041748 0.041748 0.044189 0.047607 0.037598 0.036865 
0.022461 0.047607 0.046631 0.048340 0.050537 0.041748 0.044434 
0.023682 0.042969 0.043457 0.046387 0.049805 0.043457 0.040039 
0.020752 0.042725 0.047607 0.051514 0.057861 0.049805 0.050781 
0.018311 0.044434 0.059082 0.056885 0.064453 0.057129 0.044189 

-0.005707 0.050812 0.051788 0.064087 0.066162 0.058380 -0.014618 
0.106812 0.141846 0.120850 0.139038 0.133423 0.144531 0.095825 
0.119019 0.169922 0.162109 0.180054 0.165405 0.154541 0.107788 
0.116333 0.167358 0.154663 0.175415 0.175781 0.147095 0.101562 
0.113403 0.159912 0.156494 0.163696 0.174194 0.145142 0.101074 
0.122437 0.147217 0.156006 0.159058 0.166382 0.153198 0.095825 
0.078003 0.111816 0.108887 0.110718 0.111694 0.102661 0.045319 

0.006104 -0.017334 -0.011963 -0.017578 -0.011230 -0.010742 0.002441 
0.048096 -0.020020 -0.013184 -0.028809 -0.014893 -0.014648 0.037598 
0.063721 0.004883 0.008545 -0.008789 0.005615 -0.000244 0.062256 
0.061279 -0.012451 -0.004883 -0.010742 -0.007080 0.004639 0.058350 
0.068604 -0.022705 -0.010010 -0.016602 -0.011963 0.000977 0.060303 
0.079834 -0.022217 -0.007568 -0.017578 -0.006348 -0.000732 0.045654 
0.100342 -0.020996 -0.011719 -0.021729 -0.007568 -0.014893 0.020264 

0.118164 0.136230 0.143555 0.142090 0.147461 0.138672 0.129883 
0.123047 0.104492 0.104980 0.109863 0.112305 0.099121 0.105469 
0.142090 0.139160 0.138184 0.147461 0.146484 0.124512 0.126953 
0.133789 0.130859 0.129395 0.141113 0.148926 0.121094 0.127930 
0.137207 0.130859 0.128906 0.140625 0.150391 0.126465 0.132324 
0.133789 0.125977 0.132324 0.146484 0.157227 0.130371 0.128418 
0.125488 0.125488 0.139160 0.142090 0.154297 0.141113 0.133789 

0.023804 -0.017273 0.007446 -0.018188 -0.008789 -0.000732 -0.019653 
-0.007080 -0.067139 -0.025024 -0.061523 -0.051819 -0.052246 -0.063293 
-0.015198 -0.089050 -0.056030 -0.077271 -0.065430 -0.065063 -0.078674 
-0.011230 -0.086304 -0.047058 -0.063293 -0.067566 -0.045959 -0.078003 
-0.011719 -0.087219 -0.046875 -0.062561 -0.063110 -0.048767 -0.072937 
-0.022217 -0.091003 -0.054016 -0.069153 -0.063538 -0.054321 -0.071655 
-0.050812 -0.075439 -0.038208 -0.053833 -0.043335 -0.040955 -0.062866 

-0.071289 -0.021179 -0.003418 -0.027039 -0.012756 -0.017822 -0.029602 
-0.129883 -0.096985 -0.097412 -0.114014 -0.096863 -0.103943 -0.092529 
-0.108765 -0.068726 -0.062500 -0.079407 -0.068909 -0.069336 -0.067505 
-0.109253 -0.084656 -0.075134 -0.080078 -0.077637 -0.068359 -0.079712 
-0.103760 -0.079834 -0.062256 -0.079041 -0.076782 -0.068665 -0.070190 
-0.099182 -0.076660 -0.056305 -0.076477 -0.067261 -0.064026 -0.071777 
-0.082764 -0.016846 0.022644 0.007874 0.015015 0.000671 -0.015503 

-0.021301 -0.079834 -0.091797 -0.091492 -0.087830 -0.090515 -0.088074 
-0.099121 -0.106750 -0.130371 -0.125977 -0.119995 -0.125977 -0.114563 
-0.108521 -0.122437 -0.135742 -0.138184 -0.134399 -0.151367 -0.128052 
-0.110596 -0.123779 -0.138794 -0.129517 -0.127319 -0.137207 -0.131470 
-0.105774 -0.122925 -0.136963 -0.131226 -0.132080 -0.142700 -0.134033 
-0.087036 -0.110413 -0.129639 -0.121460 -0.122925 -0.123230 -0.117920 
-0.055878 -0.035400 -0.046722 -0.036041 -0.039246 -0.046326 -0.036621 

0.169678 0.197144 0.214233 0.212524 0.214111 0.208008 0.180542 
0.161499 0.189941 0.204468 0.204834 0.207764 0.199219 0.148193 
0.189453 0.230713 0.238159 0.238281 0.249512 0.231934 0.167236 
0.183350 0.224854 0.233887 0.235596 0.241943 0.232788 0.170166 
0.184692 0.227661 0.229492 0.235840 0.241577 0.239502 0.173828 
0.178589 0.229126 0.220337 0.230225 0.242432 0.229126 0.166870 
0.215820 0.276367 0.253906 0.262207 0.269775 0.262695 0.206909 

-0.184570 -0.120850 -0.100708 -0.107544 -0.102661 -0.111206 -0.147461 
-0.151123 -0.097534 -0.080566 -0.084106 -0.079956 -0.088135 -0.127441 
-0.152710 -0.099976 -0.084106 -0.074951 -0.074219 -0.090088 -0.125244 
-0.151001 -0.091431 -0.072876 -0.066284 -0.065063 -0.084106 -0.123840 
-0.155273 -0.098022 -0.071533 -0.070801 -0.065308 -0.087891 -0.121948 
-0.156860 -0.112061 -0.079224 -0.071167 -0.064941 -0.081909 -0.122742 
-0.181396 -0.126953 -0.117188 -0.108765 -0.108765 -0.117798 -0.143066 

0.276611 0.333008 0.335449 0.337402 0.342773 0.337402 0.308105 
0.319336 0.375488 0.376953 0.370117 0.382812 0.384766 0.389648 
0.332031 0.384277 0.401855 0.390137 0.390625 0.385254 0.388184 
0.321289 0.384277 0.405273 0.392578 0.392090 0.379395 0.389648 
0.317871 0.374023 0.406250 0.391113 0.397461 0.382812 0.387695 
0.325684 0.368164 0.403320 0.383789 0.389160 0.380371 0.390137 
0.317383 0.331055 0.361328 0.347168 0.354004 0.338379 0.339844 

0.052002 0.122681 0.126587 0.134766 0.134644 0.133545 0.121582 
-0.006348 0.055420 0.025391 0.047852 0.040771 0.051025 0.044678 
-0.015625 0.053223 0.032227 0.050293 0.042725 0.044922 0.047363 
-0.026855 0.057129 0.026611 0.050781 0.051758 0.045898 0.044922 
-0.025146 0.064453 0.026611 0.050781 0.050049 0.048584 0.053955 
-0.025391 0.068604 0.030518 0.050049 0.049072 0.050537 0.045654 
0.007080 0.112915 0.090820 0.098267 0.098267 0.099609 0.078857 

0.143311 0.124023 0.146729 0.134277 0.132935 0.137695 0.162964 
0.025391 0.050781 0.063110 0.057861 0.059692 0.049927 0.044189 
0.013916 0.036865 0.038574 0.041626 0.048096 0.040039 0.043457 
-0.002930 0.025879 0.038818 0.049072 0.040527 0.045532 0.041016 
0.004395 0.034180 0.039307 0.056763 0.041504 0.055420 0.046875 
-0.024170 0.032227 0.046875 0.060425 0.056274 0.050781 0.048828 
0.037842 0.085449 0.112793 0.119751 0.120239 0.105103 0.083130 

0.146484 0.174316 0.190430 0.183594 0.187500 0.183594 0.184570 
0.134766 0.175781 0.188477 0.181152 0.185059 0.173828 0.170410 
0.141602 0.192383 0.200684 0.192871 0.195312 0.186523 0.187012 
0.144043 0.187012 0.195312 0.196777 0.197266 0.196289 0.185547 
0.147461 0.189941 0.195312 0.196289 0.197754 0.195312 0.189941 
0.147949 0.197266 0.199707 0.201172 0.204590 0.201660 0.192383 
0.156250 0.235352 0.226074 0.223633 0.227539 0.228516 0.219238 

-0.078125 -0.048584 -0.036377 -0.042236 -0.045898 -0.049072 -0.047607 
-0.104004 -0.048340 -0.045654 -0.045166 -0.045654 -0.052490 -0.029053 
-0.105713 -0.059570 -0.058838 -0.066895 -0.063721 -0.069824 -0.054443 
-0.108643 -0.070068 -0.064697 -0.067139 -0.066162 -0.065674 -0.043213 
-0.107422 -0.069580 -0.064453 -0.066895 -0.066162 -0.065430 -0.050293 
-0.103760 -0.061035 -0.061279 -0.058838 -0.057373 -0.055908 -0.035156 
-0.047607 0.022949 0.016846 0.018066 0.024170 0.022217 0.020508 

-0.059326 -0.032837 -0.058899 -0.044556 -0.047302 -0.048706 -0.040039 
-0.102661 -0.036438 -0.068481 -0.042480 -0.054932 -0.055054 -0.089905 
-0.111450 -0.037231 -0.066956 -0.048462 -0.066956 -0.062073 -0.084351 
-0.108521 -0.038940 -0.066406 -0.057617 -0.060913 -0.082275 -0.085815 
-0.106445 -0.028259 -0.053040 -0.050903 -0.057129 -0.077026 -0.091431 
-0.101929 -0.027100 -0.049255 -0.047913 -0.062988 -0.077637 -0.090576 
-0.073059 -0.044556 -0.065125 -0.058594 -0.077271 -0.075439 -0.057678 

0.019165 0.071289 0.105103 0.088989 0.095337 0.093872 0.117798 
0.027222 0.051880 0.076294 0.068604 0.073364 0.073364 0.136841 
0.041748 0.070435 0.086548 0.088257 0.095825 0.096069 0.130737 
0.042114 0.077759 0.094849 0.091919 0.092407 0.100952 0.142212 
0.039307 0.072021 0.088257 0.086792 0.090454 0.100708 0.145142 
0.035156 0.082153 0.090942 0.091919 0.099487 0.098755 0.144653 
0.058594 0.136841 0.136353 0.138062 0.140259 0.137817 0.165649 

-0.047119 -0.012329 -0.012207 -0.022583 -0.010132 -0.016357 -0.042847 
-0.091187 -0.081055 -0.089233 -0.091797 -0.080688 -0.087524 -0.116699 
-0.073608 -0.048828 -0.057373 -0.051147 -0.053955 -0.054443 -0.089722 
-0.075317 -0.057983 -0.061035 -0.067505 -0.071899 -0.071777 -0.098389 
-0.074707 -0.062500 -0.052002 -0.070801 -0.068726 -0.072876 -0.096313 
-0.080566 -0.080200 -0.069214 -0.088501 -0.091187 -0.093750 -0.115784 
-0.092529 -0.100586 -0.087646 -0.095093 -0.105835 -0.106079 -0.105347 

0.063721 0.094482 0.095337 0.096497 0.099121 0.095459 0.067383 
0.201538 0.206299 0.200928 0.192017 0.200439 0.200928 0.186646 
0.204590 0.220459 0.219971 0.219360 0.217407 0.213867 0.207520 
0.206909 0.221680 0.221191 0.224609 0.221680 0.212646 0.194824 
0.205200 0.217651 0.221924 0.219727 0.216064 0.208740 0.196777 
0.205444 0.209473 0.216064 0.212891 0.211670 0.208740 0.191162 
0.160156 0.178711 0.182129 0.176880 0.177979 0.177979 0.162476 

0.046295 -0.079224 -0.086304 -0.074341 -0.077271 -0.076538 -0.095825 
0.119751 0.011139 0.000946 0.006500 -0.009369 -0.001068 -0.021576 
0.109741 -0.011871 -0.038055 -0.013947 -0.028107 -0.011871 -0.029755 
0.125244 0.003632 -0.023834 -0.008698 -0.013885 -0.009552 -0.030731 
0.120117 0.001251 -0.018158 -0.011017 -0.017181 -0.018524 -0.040985 
0.127197 -0.001373 -0.016388 -0.001740 -0.017548 -0.005707 -0.031158 
0.107178 0.016205 0.017426 0.026459 0.008514 0.025482 0.004913 

-0.116943 -0.203491 -0.184937 -0.207275 -0.198486 -0.198364 -0.174561 
-0.097961 -0.199829 -0.179077 -0.198486 -0.187988 -0.193726 -0.154907 
-0.085449 -0.193848 -0.173828 -0.188477 -0.177856 -0.177002 -0.152832 
-0.079285 -0.195801 -0.174927 -0.187500 -0.190186 -0.171265 -0.148926 
-0.077881 -0.200317 -0.175659 -0.187256 -0.187744 -0.169312 -0.142334 
-0.084351 -0.205811 -0.182617 -0.196167 -0.188721 -0.181030 -0.151855 
-0.068054 -0.198730 -0.192627 -0.202637 -0.196411 -0.191895 -0.166260 

0.079834 0.139404 0.153076 0.139526 0.143311 0.151489 0.148315 
0.017944 0.054199 0.071106 0.060059 0.057251 0.058472 0.031860 
0.031494 0.057129 0.068237 0.063354 0.067383 0.062622 0.035645 
0.030884 0.049927 0.058228 0.055054 0.054565 0.058960 0.031372 
0.031860 0.054810 0.059448 0.055298 0.054688 0.059448 0.038452 
0.022583 0.051758 0.060181 0.055298 0.060913 0.057739 0.037842 
0.016357 0.060425 0.075134 0.067871 0.074951 0.072021 0.052124 

-0.112305 -0.116211 -0.149414 -0.126953 -0.132812 -0.128906 -0.083984 
-0.107422 -0.088867 -0.110352 -0.090820 -0.088867 -0.087891 -0.046875 
-0.127930 -0.093750 -0.116211 -0.105469 -0.099609 -0.106445 -0.073242 
-0.127930 -0.097656 -0.118164 -0.119141 -0.113281 -0.110352 -0.073242 
-0.134766 -0.100586 -0.120117 -0.120117 -0.117188 -0.104492 -0.075195 
-0.120117 -0.095703 -0.122070 -0.117188 -0.121094 -0.110352 -0.077148 
-0.072266 -0.032227 -0.080078 -0.060547 -0.072266 -0.071289 -0.013672 

-0.355957 -0.301270 -0.313965 -0.312988 -0.313965 -0.312012 -0.303223 
-0.382324 -0.341797 -0.345215 -0.344238 -0.352051 -0.347168 -0.367676 
-0.382812 -0.327637 -0.336914 -0.329590 -0.340820 -0.329590 -0.345703 
-0.385254 -0.326660 -0.343750 -0.339355 -0.343262 -0.337891 -0.352051 
-0.387207 -0.318848 -0.336426 -0.339355 -0.342285 -0.336914 -0.343750 
-0.394043 -0.317383 -0.338379 -0.343262 -0.348145 -0.346680 -0.357910 
-0.390137 -0.311523 -0.310059 -0.312012 -0.317383 -0.315430 -0.320801 

0.121826 0.083130 0.122314 0.100098 0.109375 0.104004 0.124512 
0.103516 0.107666 0.137451 0.116455 0.127930 0.115723 0.135254 
0.098877 0.092041 0.108154 0.088135 0.109375 0.093262 0.122559 
0.097900 0.099854 0.118408 0.106445 0.110107 0.125977 0.130859 
0.091553 0.089844 0.109863 0.103271 0.102051 0.115967 0.140137 
0.088257 0.079590 0.103271 0.104980 0.110840 0.117432 0.137451 
0.027588 0.009644 0.028687 0.014648 0.036865 0.029663 0.047607 

-0.081055 -0.035767 -0.025391 -0.037598 -0.038940 -0.036011 -0.042725 
-0.063599 -0.026489 -0.014282 -0.022705 -0.031616 -0.024170 -0.036011 
-0.057007 -0.018433 -0.003662 -0.011475 -0.017456 -0.022583 -0.028687 
-0.066162 -0.027466 -0.008911 -0.018433 -0.016968 -0.032837 -0.040649 
-0.062012 -0.028564 -0.002197 -0.019287 -0.013428 -0.029053 -0.030029 
-0.074585 -0.050171 -0.009033 -0.023560 -0.017578 -0.028931 -0.037231 
-0.089600 -0.031128 0.003540 -0.008667 -0.002197 -0.011230 -0.009155 

-0.079956 -0.084351 -0.094421 -0.081421 -0.080261 -0.092285 -0.097168 
-0.033264 0.020142 0.005981 0.023071 0.018311 0.006348 -0.000854 
-0.028442 0.028198 0.013428 0.026611 0.023315 0.016113 -0.002930 
-0.032166 0.024292 0.006470 0.010132 0.010254 0.005981 0.002075 
-0.035156 0.024048 0.012573 0.013794 0.011719 0.006348 -0.003174 
-0.021362 0.029785 0.011230 0.015015 0.007568 0.001587 -0.002441 
0.003296 0.042236 0.027466 0.028198 0.017700 0.022095 0.045044 

-0.066040 -0.109497 -0.131470 -0.119507 -0.123901 -0.124146 -0.132690 
-0.093140 -0.075317 -0.096558 -0.083618 -0.088745 -0.088501 -0.131470 
-0.087524 -0.069214 -0.089722 -0.084351 -0.085571 -0.084106 -0.124146 
-0.093384 -0.068970 -0.091187 -0.081909 -0.080933 -0.087524 -0.129517 
-0.093384 -0.067749 -0.090698 -0.078979 -0.084839 -0.084351 -0.124634 
-0.098755 -0.072632 -0.093140 -0.081909 -0.088989 -0.089966 -0.137817 
-0.096802 -0.108276 -0.127075 -0.120483 -0.128052 -0.124146 -0.148804 

0.077209 0.072632 0.041931 0.048035 0.046753 0.046692 0.080811 
0.176392 0.177734 0.164062 0.158081 0.154541 0.154053 0.172485 
0.175171 0.163208 0.128784 0.134277 0.130493 0.159058 0.175293 
0.186279 0.169434 0.129639 0.127563 0.117920 0.152588 0.175171 
0.188721 0.180176 0.125854 0.129639 0.118347 0.148560 0.170410 
0.191895 0.213501 0.142700 0.144165 0.131348 0.155273 0.185303 
0.172119 0.183472 0.145874 0.140625 0.134766 0.162842 0.196289 

-0.223633 -0.133423 -0.140381 -0.136475 -0.139038 -0.141113 -0.142090 
-0.206909 -0.169800 -0.173950 -0.164429 -0.165894 -0.166138 -0.175293 
-0.204224 -0.149414 -0.150024 -0.148193 -0.155029 -0.148682 -0.152710 
-0.211426 -0.154785 -0.147217 -0.156006 -0.150757 -0.162109 -0.150146 
-0.209229 -0.161377 -0.145996 -0.160156 -0.149780 -0.155884 -0.154785 
-0.213013 -0.178101 -0.148682 -0.161499 -0.155884 -0.157349 -0.160400 
-0.211914 -0.209595 -0.201782 -0.203125 -0.200195 -0.198242 -0.164551 

0.186279 0.125732 0.127075 0.125977 0.126831 0.122192 0.131470 
0.182983 0.114746 0.108276 0.119263 0.118652 0.109741 0.122925 
0.177734 0.118652 0.120850 0.128662 0.129761 0.120483 0.130615 
0.168091 0.116821 0.114258 0.127563 0.131470 0.121826 0.130615 
0.169067 0.117554 0.111328 0.126709 0.129150 0.124512 0.134277 
0.161133 0.116211 0.104492 0.119629 0.124390 0.117065 0.119507 
0.150024 0.091553 0.079468 0.085815 0.089600 0.086914 0.104858 

0.182739 0.167847 0.148560 0.151489 0.156372 0.141846 0.122192 
0.177368 0.161865 0.133423 0.149292 0.156250 0.145630 0.132812 
0.182251 0.183960 0.168701 0.182251 0.169434 0.155151 0.139404 
0.172974 0.180298 0.174194 0.180054 0.173828 0.145996 0.139771 
0.170898 0.175049 0.176147 0.179077 0.174438 0.148193 0.131348 
0.170288 0.155029 0.161743 0.168335 0.156006 0.135986 0.120239 
0.202026 0.167114 0.179321 0.188354 0.176880 0.166382 0.156494 

-0.103027 -0.127686 -0.138184 -0.122803 -0.128418 -0.135742 -0.168945 
-0.016113 -0.025635 -0.038818 -0.014160 -0.025635 -0.031738 -0.066650 
-0.010742 -0.006836 -0.023926 0.000244 -0.001709 -0.014160 -0.053223 
-0.006592 0.002930 -0.020996 0.005371 0.006592 -0.003418 -0.045654 
-0.012451 -0.005127 -0.031982 -0.001953 -0.000977 -0.007568 -0.047852 
0.001709 0.000244 -0.023193 0.015625 0.018555 0.010986 -0.036865 
-0.024414 -0.017578 -0.043213 -0.018799 -0.018555 -0.019287 -0.060059 

-0.213257 -0.176147 -0.187378 -0.183960 -0.193726 -0.183228 -0.152954 
-0.253418 -0.208618 -0.210571 -0.202271 -0.212524 -0.199585 -0.220581 
-0.252441 -0.210571 -0.208862 -0.202759 -0.206177 -0.196411 -0.223999 
-0.255371 -0.211304 -0.209839 -0.214722 -0.212036 -0.199829 -0.223755 
-0.253906 -0.210327 -0.209106 -0.208862 -0.207642 -0.197388 -0.222534 
-0.257324 -0.217896 -0.217651 -0.206909 -0.207153 -0.200806 -0.231567 
-0.247681 -0.261230 -0.277832 -0.262695 -0.267578 -0.268066 -0.270020 

-0.204956 -0.294189 -0.286865 -0.288818 -0.285645 -0.287842 -0.288086 
-0.097351 -0.197754 -0.183838 -0.196533 -0.190918 -0.195312 -0.192871 
-0.103210 -0.194458 -0.185669 -0.188599 -0.188232 -0.191650 -0.198242 
-0.098572 -0.193481 -0.187500 -0.182861 -0.182983 -0.186035 -0.195801 
-0.096130 -0.195068 -0.183594 -0.183228 -0.182983 -0.179810 -0.187500 
-0.101379 -0.200684 -0.180786 -0.187500 -0.180176 -0.179077 -0.190552 
-0.081848 -0.182007 -0.180054 -0.185913 -0.181274 -0.182007 -0.191772 

0.079590 0.110107 0.131592 0.113037 0.116455 0.126709 0.123779 
-0.008545 -0.012695 0.005615 -0.002930 -0.007080 0.001221 -0.022217 
-0.035889 -0.050049 -0.030762 -0.038818 -0.035889 -0.022217 -0.036865 
-0.037354 -0.043213 -0.020752 -0.027588 -0.022461 -0.012939 -0.036377 
-0.037598 -0.043701 -0.019775 -0.031006 -0.026367 -0.013428 -0.022949 
-0.051270 -0.055176 -0.020020 -0.031494 -0.019775 -0.009766 -0.034912 
-0.069824 -0.072510 -0.039551 -0.059326 -0.042236 -0.045654 -0.061523 

-0.170288 -0.158813 -0.138062 -0.149536 -0.146118 -0.141724 -0.124634 
-0.184448 -0.180542 -0.158325 -0.169312 -0.160767 -0.166138 -0.133423 
-0.184204 -0.180054 -0.165405 -0.183228 -0.169312 -0.175903 -0.152466 
-0.186401 -0.181274 -0.169067 -0.171265 -0.167603 -0.157349 -0.145142 
-0.178345 -0.168335 -0.168579 -0.169067 -0.168579 -0.153198 -0.137573 
-0.191040 -0.180298 -0.170532 -0.178833 -0.166626 -0.165405 -0.145142 
-0.161011 -0.120239 -0.098755 -0.113892 -0.100464 -0.098022 -0.101685 

0.118652 0.058350 0.062988 0.065918 0.062256 0.069336 0.061035 
0.060059 0.083496 0.100586 0.104980 0.103516 0.102295 0.062012 
0.044922 0.052734 0.062256 0.065430 0.070801 0.064941 0.040527 
0.039551 0.052734 0.059570 0.067139 0.072510 0.072754 0.047363 
0.033203 0.048340 0.058350 0.065430 0.068604 0.073486 0.046875 
0.035645 0.052734 0.061523 0.072510 0.076416 0.079102 0.056641 
0.041992 0.068115 0.070312 0.072510 0.080566 0.077637 0.067139 

-0.039734 -0.069824 -0.071106 -0.069824 -0.075378 -0.073120 -0.049988 
-0.023254 -0.062012 -0.062195 -0.060242 -0.067627 -0.067932 -0.044189 
-0.025818 -0.068970 -0.070129 -0.065308 -0.071960 -0.064880 -0.046631 
-0.026611 -0.070557 -0.075073 -0.071655 -0.073547 -0.067505 -0.049194 
-0.026642 -0.063782 -0.074646 -0.069031 -0.073059 -0.069458 -0.048279 
-0.035156 -0.064758 -0.075989 -0.073792 -0.078857 -0.073914 -0.052368 
-0.032593 -0.057495 -0.062866 -0.064758 -0.067139 -0.058197 -0.043488 

-0.016113 -0.006592 0.020508 0.025146 0.010498 0.020508 -0.013184 
0.158691 0.130615 0.177002 0.168213 0.148193 0.197021 0.151367 
0.178955 0.149170 0.199463 0.190186 0.178467 0.206299 0.156006 
0.161377 0.143311 0.189697 0.183350 0.181396 0.191162 0.142822 
0.156738 0.148682 0.193604 0.184814 0.191162 0.194092 0.154541 
0.155762 0.124512 0.175537 0.161865 0.166260 0.181396 0.143799 
0.147705 0.157959 0.198975 0.194092 0.193604 0.199951 0.153809 

0.048828 0.124756 0.129639 0.126709 0.130615 0.128662 0.092407 
0.066284 0.125977 0.136719 0.119141 0.126465 0.139404 0.101196 
0.069946 0.129150 0.144775 0.135742 0.132812 0.141846 0.112427 
0.064819 0.135254 0.145264 0.147949 0.143311 0.144775 0.110474 
0.062256 0.133545 0.140381 0.144043 0.143066 0.137695 0.120850 
0.055908 0.125244 0.143066 0.135010 0.140625 0.136963 0.114868 
0.028809 0.129150 0.161621 0.149170 0.155762 0.150635 0.095093 

-0.160645 -0.086914 -0.112305 -0.096191 -0.097656 -0.098633 -0.124023 
-0.074707 0.059082 0.020020 0.025879 0.024414 0.027344 -0.008301 
-0.092773 0.019531 -0.017578 -0.011230 -0.006348 -0.013184 -0.026855 
-0.088867 0.025391 -0.008789 0.002441 0.005371 -0.015137 -0.021973 
-0.088379 0.029785 -0.012207 0.006348 -0.004395 -0.010254 -0.031738 
-0.087891 0.051270 -0.007324 0.011719 0.003418 -0.007324 -0.026855 
-0.138184 -0.047363 -0.104004 -0.090332 -0.094727 -0.091309 -0.092285 

-0.250244 -0.272705 -0.282471 -0.274170 -0.280518 -0.282959 -0.285400 
-0.232910 -0.212402 -0.203613 -0.208252 -0.207275 -0.209229 -0.229492 
-0.242432 -0.241455 -0.239502 -0.248291 -0.234375 -0.234619 -0.242920 
-0.240967 -0.236816 -0.236084 -0.236084 -0.230225 -0.226807 -0.231445 
-0.242920 -0.240479 -0.243896 -0.238525 -0.234131 -0.235107 -0.236572 
-0.237549 -0.216797 -0.230713 -0.235352 -0.227783 -0.231201 -0.227783 
-0.243896 -0.242920 -0.242432 -0.251709 -0.242432 -0.240479 -0.251709 

-0.017334 0.020508 0.019531 0.023926 0.017334 0.019775 0.001953 
-0.025391 -0.021484 -0.019043 -0.016602 -0.027344 -0.007812 -0.037842 
-0.031982 -0.033203 -0.032715 -0.027100 -0.033447 -0.028809 -0.055420 
-0.037109 -0.034180 -0.036865 -0.033447 -0.032715 -0.036621 -0.060791 
-0.033936 -0.031738 -0.035645 -0.034180 -0.029785 -0.037109 -0.058350 
-0.028564 -0.033447 -0.038574 -0.040283 -0.037354 -0.032471 -0.048096 
0.003662 0.016357 0.018066 0.015625 0.015137 0.018066 -0.010498 

0.190186 0.059570 0.050903 0.058838 0.047485 0.054688 0.091064 
0.142578 -0.004395 -0.004028 0.012695 0.001343 -0.003174 0.026123 
0.141357 -0.002930 -0.011719 0.002686 0.011597 0.006104 0.010864 
0.150024 -0.004639 -0.018799 -0.004883 -0.001587 0.010254 0.009033 
0.151611 0.000488 -0.031250 -0.007812 -0.008911 0.009277 0.009155 
0.153687 0.009888 -0.033203 -0.004639 -0.001709 0.008667 0.012329 
0.169922 0.036865 -0.000732 0.019409 0.020264 0.021362 0.026123 

-0.082275 -0.106445 -0.093506 -0.099609 -0.097168 -0.093506 -0.069336 
-0.075317 -0.117188 -0.091553 -0.115967 -0.111816 -0.109619 -0.070801 
-0.062988 -0.114746 -0.104980 -0.125000 -0.111084 -0.110107 -0.080444 
-0.056396 -0.118652 -0.112305 -0.121094 -0.121582 -0.102051 -0.088379 
-0.052368 -0.114746 -0.110352 -0.119141 -0.122070 -0.105469 -0.082764 
-0.041992 -0.102783 -0.106445 -0.114258 -0.113037 -0.097168 -0.073486 
-0.061279 -0.113037 -0.114502 -0.118408 -0.114502 -0.112549 -0.095215 

0.028732 0.108948 0.080627 0.089783 0.091614 0.084656 0.091492 
0.051208 0.137939 0.142822 0.148193 0.152344 0.138428 0.067749 
0.047607 0.130981 0.139771 0.144531 0.138306 0.140991 0.067566 
0.034210 0.123230 0.137207 0.137817 0.133179 0.125977 0.065613 
0.032104 0.133057 0.140869 0.147339 0.140259 0.134766 0.072449 
0.010605 0.122070 0.126709 0.132080 0.126343 0.108276 0.046936 
0.017380 0.081116 0.086609 0.090332 0.083557 0.072266 0.050964 

-0.124512 -0.153076 -0.156250 -0.146484 -0.149902 -0.152832 -0.140381 
-0.065674 -0.052246 -0.045898 -0.046143 -0.045410 -0.052734 -0.012207 
-0.077881 -0.085938 -0.084473 -0.091309 -0.081787 -0.085693 -0.036865 
-0.070801 -0.093262 -0.087402 -0.091797 -0.084229 -0.082031 -0.031250 
-0.070557 -0.085205 -0.089111 -0.084229 -0.085205 -0.077148 -0.028564 
-0.058838 -0.056152 -0.075928 -0.070557 -0.071777 -0.068359 -0.018066 
-0.050049 -0.075439 -0.107910 -0.100342 -0.102783 -0.087158 -0.038574 

-0.052246 -0.174072 -0.145752 -0.157471 -0.163818 -0.157959 -0.174072 
-0.071045 -0.203369 -0.164307 -0.182861 -0.188721 -0.183350 -0.176514 
-0.076904 -0.219482 -0.189209 -0.204346 -0.195557 -0.193604 -0.182373 
-0.070312 -0.221924 -0.190186 -0.198975 -0.193604 -0.179443 -0.177979 
-0.065918 -0.216553 -0.187744 -0.195068 -0.189697 -0.182861 -0.177979 
-0.066162 -0.209717 -0.186768 -0.188721 -0.177979 -0.173096 -0.170654 
-0.034912 -0.141357 -0.122803 -0.126221 -0.115967 -0.119873 -0.124756 

0.144531 0.167725 0.141602 0.156738 0.158447 0.152832 0.152100 
0.156250 0.195801 0.168701 0.177734 0.178223 0.185791 0.208740 
0.161865 0.218750 0.208984 0.220459 0.211182 0.201904 0.197266 
0.159668 0.216797 0.206055 0.210938 0.212402 0.183594 0.203613 
0.157959 0.219238 0.209961 0.207275 0.211670 0.189209 0.192871 
0.162354 0.225098 0.216309 0.209961 0.208008 0.193359 0.216064 
0.183594 0.276367 0.251465 0.256836 0.250000 0.250000 0.262207 

-0.088379 -0.155273 -0.152832 -0.169922 -0.163086 -0.168457 -0.181152 
-0.152344 -0.192871 -0.214844 -0.218262 -0.199707 -0.217285 -0.231445 
-0.142578 -0.192383 -0.217773 -0.229004 -0.197754 -0.211426 -0.220703 
-0.134277 -0.183594 -0.193359 -0.222168 -0.213867 -0.199707 -0.200684 
-0.139648 -0.200684 -0.194824 -0.225098 -0.217285 -0.205078 -0.214355 
-0.139160 -0.197754 -0.203613 -0.223633 -0.214844 -0.209961 -0.211426 
-0.195312 -0.275879 -0.278809 -0.282227 -0.277344 -0.289062 -0.275879 

-0.151001 -0.084106 -0.078735 -0.079712 -0.078735 -0.074097 -0.046997 
-0.281250 -0.211548 -0.207397 -0.199829 -0.197144 -0.221802 -0.181274 
-0.270996 -0.201538 -0.197632 -0.198608 -0.195923 -0.211792 -0.193481 
-0.277344 -0.215698 -0.217407 -0.206177 -0.212524 -0.211304 -0.184937 
-0.272949 -0.207397 -0.219604 -0.201294 -0.210083 -0.204468 -0.187134 
-0.273438 -0.189331 -0.207886 -0.191772 -0.196899 -0.208862 -0.186646 
-0.204224 -0.138306 -0.151978 -0.140503 -0.140015 -0.150024 -0.133423 

0.014870 -0.019836 -0.011200 -0.015869 -0.015320 -0.019577 -0.015503 
0.083008 0.050659 0.056671 0.051849 0.049225 0.043213 0.059601 
0.071655 0.033630 0.034180 0.031204 0.034149 0.039398 0.059570 
0.082397 0.041046 0.049835 0.038147 0.036377 0.041656 0.063721 
0.080444 0.037140 0.048004 0.037598 0.038940 0.044098 0.060638 
0.091309 0.042511 0.051666 0.045197 0.047150 0.047638 0.064087 
0.093872 0.040985 0.035950 0.031982 0.030701 0.033661 0.061493 

0.182861 0.125732 0.114746 0.116943 0.124268 0.118164 0.129639 
0.189941 0.165527 0.133301 0.135498 0.146240 0.134033 0.187988 
0.186279 0.160400 0.140869 0.137207 0.138672 0.141602 0.190918 
0.187988 0.163818 0.150146 0.145996 0.144287 0.148682 0.190430 
0.182861 0.157227 0.144775 0.144043 0.138672 0.146240 0.184082 
0.192871 0.160156 0.138672 0.140381 0.132080 0.137939 0.179443 
0.177979 0.143311 0.116211 0.118164 0.111328 0.118408 0.160645 

0.053528 0.094910 0.119202 0.100525 0.104553 0.102356 0.126953 
-0.037323 0.022888 0.035400 0.030457 0.031067 0.016174 0.032898 
-0.035278 0.011322 0.027771 0.029968 0.032288 0.013672 0.010681 
-0.046234 0.007477 0.031921 0.027405 0.023499 0.019226 0.012726 
-0.047760 -0.000153 0.030273 0.022034 0.024841 0.015930 0.008575 
-0.054352 -0.004395 0.018066 0.015686 0.019348 0.007812 0.021545 
-0.045746 0.024841 0.043884 0.043396 0.046509 0.032715 0.058533 

0.301270 0.347656 0.368896 0.363770 0.373047 0.366699 0.317871 
0.282959 0.299316 0.319580 0.312744 0.318115 0.330566 0.244629 
0.272949 0.286377 0.311523 0.307129 0.304199 0.306641 0.241577 
0.277344 0.297363 0.325439 0.320068 0.323242 0.311035 0.238037 
0.271729 0.280273 0.318604 0.309814 0.321045 0.308594 0.241211 
0.272461 0.267334 0.317871 0.306152 0.321289 0.315918 0.245605 
0.237549 0.222778 0.275391 0.258301 0.271484 0.253906 0.169189 

0.163818 0.198242 0.189209 0.200806 0.193115 0.185913 0.168701 
0.122253 0.150391 0.134521 0.148071 0.132324 0.136597 0.074097 
0.103516 0.112061 0.112610 0.117004 0.111877 0.113831 0.080322 
0.101746 0.121277 0.120972 0.125732 0.132812 0.112000 0.081665 
0.100464 0.120728 0.119019 0.124023 0.131104 0.107361 0.080933 
0.097656 0.102905 0.112061 0.113525 0.121826 0.106934 0.073975 
0.085205 0.048828 0.058228 0.059692 0.064697 0.057129 0.035156 

0.004150 0.063782 0.057922 0.062561 0.059753 0.056458 0.044739 
-0.007751 0.038391 0.045349 0.047302 0.041931 0.043884 -0.013306 
-0.013000 0.009949 0.018921 0.027283 0.018860 0.025879 -0.029053 
-0.010193 0.016846 0.027039 0.027405 0.024353 0.017395 -0.025513 
-0.014038 0.013428 0.028625 0.026855 0.025513 0.010071 -0.035278 
-0.008911 0.017090 0.032654 0.035156 0.029175 0.020325 -0.018585 
0.005920 0.062683 0.091125 0.091980 0.086243 0.078796 0.039978 

0.039795 0.053345 0.040527 0.059937 0.046997 0.048462 0.032959 
0.049072 0.078369 0.062622 0.081909 0.069702 0.075073 0.071289 
0.040283 0.060425 0.048584 0.050415 0.052124 0.044434 0.056396 
0.038818 0.062256 0.053467 0.054932 0.062256 0.041748 0.057373 
0.039795 0.057129 0.051147 0.053345 0.060059 0.041016 0.056519 
0.041992 0.053467 0.053955 0.059570 0.061279 0.051270 0.068604 
0.037354 0.098022 0.106934 0.113037 0.117798 0.105225 0.110718 

-0.203857 -0.160400 -0.161865 -0.153564 -0.169434 -0.168945 -0.210449 
-0.079529 -0.018494 -0.020203 -0.007263 -0.019470 -0.015625 -0.072937 
-0.074402 -0.021179 -0.016846 -0.013794 -0.006897 -0.017151 -0.073669 
-0.081726 -0.019836 -0.007996 -0.005981 0.001587 -0.014832 -0.068542 
-0.082458 -0.027161 -0.007507 -0.007324 0.000793 -0.008850 -0.064880 
-0.072815 -0.018127 -0.000671 0.009399 0.017456 0.014893 -0.047546 
-0.039612 0.025879 0.026917 0.036072 0.041992 0.042358 -0.010742 

-0.057739 -0.000916 0.015869 0.007507 0.015808 0.013245 0.008667 
-0.092529 -0.067261 -0.044067 -0.058014 -0.051910 -0.054291 -0.048828 
-0.070435 -0.045227 -0.025452 -0.031311 -0.027039 -0.025940 -0.033081 
-0.073242 -0.053772 -0.031189 -0.037659 -0.043610 -0.024170 -0.036682 
-0.074585 -0.058716 -0.037659 -0.037537 -0.038513 -0.023499 -0.032593 
-0.074219 -0.052155 -0.032043 -0.031555 -0.028992 -0.027283 -0.030212 
-0.067383 -0.020935 -0.005188 -0.006165 0.000000 -0.005249 -0.034485 

-0.021973 -0.005859 -0.014160 -0.009277 -0.013184 -0.005615 0.013184 
0.014893 -0.037842 -0.028809 -0.029297 -0.044067 -0.020996 -0.002441 
0.030029 -0.009766 -0.000977 0.006348 -0.015625 0.015625 0.015137 
0.031250 -0.016357 -0.021484 -0.021240 -0.029785 -0.015625 -0.000732 
0.030273 -0.001953 -0.018555 -0.017334 -0.018555 -0.011963 0.003418 
0.023438 0.003662 -0.016846 -0.022949 -0.032227 -0.019775 -0.003418 
0.023438 -0.003662 -0.008789 -0.009277 -0.019531 -0.006348 0.002930 

0.020264 0.032532 0.038513 0.024536 0.029968 0.038513 0.042847 
-0.043091 -0.004791 0.009827 0.010162 0.014160 -0.000549 -0.003235 
-0.022186 0.027039 0.052429 0.046082 0.046143 0.040894 0.002869 
-0.039642 0.010986 0.043823 0.037170 0.028076 0.031616 0.006622 
-0.037811 0.009155 0.038086 0.040405 0.037720 0.042297 -0.001709 
-0.035065 0.017578 0.047424 0.050781 0.046143 0.037170 0.008209 
0.012451 0.044556 0.068848 0.068542 0.067200 0.061401 0.053162 

-0.048096 -0.035889 -0.032715 -0.046631 -0.045410 -0.042480 -0.022827 
-0.099121 -0.098633 -0.085449 -0.104980 -0.098145 -0.098145 -0.096680 
-0.092529 -0.091064 -0.085693 -0.095947 -0.085205 -0.075439 -0.079590 
-0.091553 -0.098877 -0.086670 -0.100586 -0.106934 -0.081299 -0.087158 
-0.094238 -0.098877 -0.087402 -0.094971 -0.102051 -0.078857 -0.082764 
-0.100342 -0.088867 -0.085693 -0.094482 -0.099121 -0.083252 -0.084961 
-0.132812 -0.162598 -0.162109 -0.164062 -0.166260 -0.158936 -0.147217 

-0.191162 -0.177002 -0.188721 -0.180908 -0.187256 -0.188721 -0.175537 
-0.205322 -0.176025 -0.187744 -0.177002 -0.193115 -0.195557 -0.231689 
-0.225830 -0.192139 -0.190674 -0.185303 -0.194580 -0.200439 -0.228760 
-0.225830 -0.194580 -0.196533 -0.189697 -0.184814 -0.196533 -0.237061 
-0.222412 -0.189697 -0.191162 -0.190674 -0.186279 -0.197021 -0.238037 
-0.222900 -0.185303 -0.193115 -0.187744 -0.183838 -0.188721 -0.240967 
-0.231201 -0.199951 -0.220947 -0.212158 -0.210205 -0.213623 -0.230713 

0.107056 0.102844 0.086975 0.102661 0.099731 0.094849 0.079529 
0.117615 0.138916 0.125732 0.135010 0.131348 0.128296 0.097900 
0.113098 0.135498 0.122803 0.128906 0.121094 0.125854 0.105347 
0.115845 0.142334 0.124390 0.134766 0.131348 0.128906 0.105347 
0.110535 0.143311 0.125000 0.135498 0.130249 0.124390 0.102051 
0.109680 0.145020 0.131592 0.138916 0.130859 0.129639 0.102173 
0.080078 0.106323 0.107910 0.110840 0.106445 0.109070 0.081543 

0.492188 0.379883 0.381836 0.381836 0.384766 0.377930 0.329102 
0.519531 0.404297 0.403320 0.401367 0.402344 0.412109 0.400391 
0.551758 0.437500 0.442383 0.447266 0.443359 0.439453 0.432617 
0.542969 0.434570 0.435547 0.445312 0.445312 0.418945 0.429688 
0.536133 0.428711 0.433594 0.437500 0.445312 0.420898 0.425781 
0.531250 0.417969 0.430664 0.431641 0.434570 0.419922 0.415039 
0.474609 0.310547 0.315430 0.311523 0.318359 0.313477 0.306641 

0.062073 -0.058472 -0.063721 -0.056030 -0.069458 -0.057251 -0.048096 
0.114685 -0.033569 -0.012573 0.001587 -0.021606 -0.013550 -0.000366 
0.101807 -0.046997 -0.026978 -0.020020 -0.030640 -0.021606 -0.010864 
0.099976 -0.049683 -0.037964 -0.028320 -0.027344 -0.022827 -0.012573 
0.106384 -0.033569 -0.033569 -0.024292 -0.020630 -0.018677 -0.014160 
0.103699 -0.021851 -0.031982 -0.018188 -0.015503 -0.013062 -0.003052 
0.160400 0.040894 0.023499 0.038330 0.036926 0.045532 0.050659 

0.071045 -0.054443 -0.056396 -0.046875 -0.059326 -0.047119 -0.073730 
-0.006836 -0.114746 -0.093994 -0.077637 -0.090088 -0.083008 -0.124756 
-0.004639 -0.118164 -0.092041 -0.082275 -0.085449 -0.093506 -0.131836 
-0.018066 -0.123535 -0.101807 -0.094971 -0.090576 -0.102539 -0.123779 
-0.014648 -0.120117 -0.098633 -0.091553 -0.080811 -0.095215 -0.118896 
-0.015137 -0.124268 -0.095215 -0.085205 -0.079102 -0.097168 -0.118164 
0.016846 -0.088135 -0.057373 -0.048340 -0.045898 -0.060059 -0.070312 

0.054932 -0.003418 -0.012939 -0.016602 -0.012939 -0.010010 -0.005127 
0.077393 0.010986 -0.010986 -0.022705 -0.013428 -0.012207 0.022217 
0.076904 -0.000488 -0.020264 -0.018311 -0.015625 -0.012451 0.020752 
0.086426 0.002441 -0.012451 -0.011719 -0.017822 -0.013184 0.010742 
0.085693 -0.004150 -0.014648 -0.017090 -0.023682 -0.017822 0.004150 
0.092285 0.004395 -0.005615 -0.007080 -0.012695 -0.005615 0.010742 
0.045654 -0.029297 -0.038086 -0.039551 -0.043945 -0.041504 -0.016846 

-0.244385 -0.223389 -0.223633 -0.229248 -0.234619 -0.224121 -0.219238 
-0.196289 -0.186523 -0.161133 -0.165771 -0.174072 -0.153809 -0.133789 
-0.206299 -0.197510 -0.187012 -0.189209 -0.188721 -0.170410 -0.144531 
-0.202148 -0.196045 -0.186768 -0.197510 -0.197510 -0.178711 -0.136230 
-0.202148 -0.193848 -0.178467 -0.193115 -0.193115 -0.174316 -0.135498 
-0.192871 -0.193115 -0.175049 -0.185303 -0.187500 -0.174561 -0.133057 
-0.141113 -0.117920 -0.105957 -0.106689 -0.114746 -0.110352 -0.068359 

-0.041504 0.078125 0.091553 0.065063 0.082153 0.083008 0.085327 
-0.097412 -0.015137 -0.021606 -0.035278 -0.012451 -0.026978 -0.017578 
-0.102417 -0.008301 -0.016846 -0.015991 0.001953 -0.006226 -0.014282 
-0.088196 -0.002686 -0.012329 -0.011353 -0.008423 0.002197 -0.014404 
-0.090576 -0.016846 -0.022461 -0.022705 -0.023560 -0.009277 -0.024658 
-0.093872 -0.008667 -0.030640 -0.022217 -0.018921 -0.011719 -0.028442 
-0.117920 -0.052124 -0.086182 -0.075684 -0.078796 -0.073364 -0.062988 

0.018372 0.090271 0.077393 0.093628 0.083496 0.080444 0.073608 
0.067383 0.123291 0.126221 0.144287 0.138794 0.132324 0.099670 
0.078186 0.130493 0.133057 0.145508 0.139160 0.131348 0.088379 
0.076355 0.127197 0.125732 0.136719 0.137695 0.127686 0.092957 
0.076782 0.131104 0.123535 0.143066 0.142944 0.135254 0.088196 
0.075867 0.136230 0.137573 0.159180 0.153320 0.142822 0.104736 
0.125854 0.187744 0.199219 0.212891 0.208374 0.202515 0.162231 

0.043579 0.019531 0.008545 0.017334 0.015503 0.020874 0.054077 
0.097961 0.042480 0.034180 0.026855 0.034912 0.037109 0.099854 
0.089600 0.027222 0.020752 0.017090 0.015015 0.028564 0.085510 
0.096985 0.024780 0.023193 0.018311 0.014160 0.020142 0.078979 
0.098755 0.028564 0.023682 0.020264 0.013184 0.023315 0.071899 
0.101929 0.036011 0.033569 0.027222 0.016602 0.025391 0.078186 
0.095154 0.041992 0.048096 0.045166 0.040161 0.045288 0.082642 

-0.060181 -0.095703 -0.104004 -0.096191 -0.099182 -0.109375 -0.073730 
-0.050964 -0.061157 -0.074707 -0.072693 -0.068970 -0.078064 -0.032837 
-0.045959 -0.047974 -0.066162 -0.064209 -0.065796 -0.066650 -0.019531 
-0.053101 -0.057617 -0.076233 -0.072998 -0.071167 -0.072144 -0.026123 
-0.051575 -0.048096 -0.075867 -0.067688 -0.071472 -0.071045 -0.021667 
-0.056152 -0.049927 -0.080444 -0.076660 -0.080933 -0.081726 -0.036804 
-0.072754 -0.096069 -0.119385 -0.118408 -0.118164 -0.114319 -0.062500 

0.117798 0.129517 0.121826 0.130981 0.125610 0.128418 0.113037 
0.043182 0.041595 0.028046 0.042328 0.034149 0.041168 0.040558 
0.058990 0.068970 0.063599 0.068237 0.060577 0.067261 0.046295 
0.055817 0.059418 0.053253 0.058136 0.057892 0.057831 0.048370 
0.058136 0.064331 0.054413 0.062622 0.062988 0.061615 0.042877 
0.053864 0.067139 0.060150 0.067017 0.061127 0.057220 0.040985 
0.044769 0.074829 0.078857 0.085083 0.077759 0.077271 0.062622 

-0.125732 -0.125000 -0.144531 -0.138916 -0.139893 -0.146729 -0.135254 
-0.139893 -0.118103 -0.130371 -0.113708 -0.116882 -0.132080 -0.125977 
-0.153809 -0.116882 -0.137207 -0.119202 -0.122009 -0.134277 -0.132812 
-0.155518 -0.121765 -0.136230 -0.127197 -0.129639 -0.139404 -0.127686 
-0.158691 -0.120667 -0.134521 -0.125732 -0.130615 -0.138672 -0.138672 
-0.152100 -0.120300 -0.139648 -0.124939 -0.136719 -0.146484 -0.143555 
-0.118713 -0.110535 -0.132568 -0.116516 -0.130615 -0.130371 -0.105896 

-0.054932 -0.069580 -0.088379 -0.077271 -0.076050 -0.081360 -0.062744 
-0.157104 -0.196289 -0.190308 -0.190796 -0.184570 -0.182739 -0.183472 
-0.152954 -0.176025 -0.163940 -0.174072 -0.180420 -0.168701 -0.170898 
-0.154297 -0.180664 -0.175781 -0.175171 -0.177612 -0.171875 -0.180542 
-0.153076 -0.169800 -0.174438 -0.170410 -0.178589 -0.171753 -0.175781 
-0.158936 -0.187500 -0.187134 -0.191162 -0.199341 -0.191284 -0.193970 
-0.122437 -0.128052 -0.138428 -0.135742 -0.145508 -0.137939 -0.151123 

0.161865 0.136719 0.112061 0.109253 0.108154 0.117188 0.148438 
0.042114 0.065186 0.053223 0.055664 0.052368 0.061890 0.049438 
0.013428 0.033569 0.020020 0.025635 0.019531 0.034546 0.035034 
0.013916 0.033936 0.025146 0.023682 0.020264 0.026611 0.038452 
0.016357 0.038696 0.034180 0.026123 0.019775 0.028320 0.035156 
0.020508 0.049438 0.049805 0.042603 0.030029 0.041504 0.043213 
0.080444 0.121216 0.137817 0.132202 0.123535 0.133301 0.140137 

-0.203247 -0.263916 -0.274170 -0.260498 -0.271240 -0.263428 -0.240723 
-0.202515 -0.293457 -0.268799 -0.261475 -0.282471 -0.251953 -0.251953 
-0.227173 -0.310303 -0.278076 -0.276855 -0.291748 -0.274658 -0.281006 
-0.230347 -0.302734 -0.279541 -0.278564 -0.272705 -0.277344 -0.279053 
-0.224731 -0.295654 -0.277100 -0.279297 -0.267334 -0.279053 -0.275635 
-0.228638 -0.307129 -0.281494 -0.283936 -0.271240 -0.270508 -0.265869 
-0.235840 -0.271973 -0.258057 -0.258057 -0.248779 -0.256104 -0.264893 

0.131592 0.108521 0.088623 0.107910 0.093262 0.095947 0.150513 
0.067505 0.072998 0.066895 0.087158 0.077881 0.056274 0.088379 
0.068848 0.065063 0.052002 0.058594 0.053833 0.048462 0.077271 
0.066650 0.049683 0.037109 0.049316 0.047363 0.049683 0.075195 
0.070557 0.060791 0.029663 0.061157 0.050781 0.055420 0.076904 
0.064453 0.078979 0.033203 0.063965 0.054810 0.052246 0.072021 
0.107300 0.118042 0.088501 0.101196 0.102539 0.106689 0.111816 

0.033630 -0.129150 -0.136719 -0.126587 -0.134766 -0.131104 -0.126221 
0.020630 -0.057495 -0.069702 -0.065796 -0.074951 -0.082397 -0.074951 
0.001282 -0.085083 -0.105225 -0.099976 -0.101562 -0.104126 -0.095947 
0.011292 -0.080078 -0.103271 -0.102173 -0.099609 -0.097778 -0.089966 
0.008209 -0.075317 -0.100830 -0.098511 -0.102905 -0.101196 -0.096313 
0.008392 -0.071045 -0.097778 -0.087524 -0.094360 -0.095337 -0.094116 
-0.006714 -0.101562 -0.139282 -0.126221 -0.133423 -0.127197 -0.121460 

0.034424 -0.017090 -0.026367 -0.023438 -0.033203 -0.018066 0.042725 
0.016602 -0.040039 -0.028320 -0.044434 -0.055176 -0.023926 0.004883 
-0.014893 -0.076172 -0.062012 -0.067383 -0.078613 -0.041992 -0.019043 
-0.018555 -0.071777 -0.068848 -0.059082 -0.072754 -0.040527 -0.026367 
-0.013184 -0.057129 -0.067871 -0.061035 -0.074707 -0.051758 -0.030762 
-0.005859 -0.042969 -0.057617 -0.060059 -0.074707 -0.045898 -0.036621 
0.016602 -0.058594 -0.068848 -0.075684 -0.081543 -0.058105 -0.032227 

-0.066162 -0.141846 -0.155029 -0.162598 -0.150757 -0.158936 -0.136963 
-0.090088 -0.130249 -0.138428 -0.156616 -0.137573 -0.151367 -0.111938 
-0.092041 -0.116821 -0.114746 -0.119141 -0.124268 -0.139893 -0.106323 
-0.089111 -0.120483 -0.117920 -0.115723 -0.132568 -0.134155 -0.119141 
-0.091553 -0.120972 -0.110352 -0.116455 -0.134277 -0.142578 -0.119873 
-0.089844 -0.124756 -0.118286 -0.125122 -0.143311 -0.151123 -0.131836 
-0.125244 -0.167969 -0.162598 -0.171143 -0.181885 -0.187012 -0.167847 

0.065186 0.013184 -0.013672 -0.004395 -0.014893 -0.009033 0.045654 
-0.030273 -0.051758 -0.062500 -0.050537 -0.058594 -0.050049 -0.039551 
-0.027832 -0.060059 -0.061768 -0.061768 -0.061768 -0.058105 -0.058105 
-0.033691 -0.061768 -0.057617 -0.067139 -0.065186 -0.069336 -0.061768 
-0.031982 -0.060547 -0.055908 -0.060547 -0.064209 -0.068848 -0.066895 
-0.026123 -0.056152 -0.058594 -0.061279 -0.073730 -0.074219 -0.062012 
0.052490 0.037598 0.045410 0.048340 0.039307 0.035645 0.040039 

0.049072 0.050537 0.057617 0.053711 0.054688 0.063965 0.052002 
0.039551 0.020020 0.024170 0.020996 0.016846 0.032959 0.043701 
0.040771 0.019775 0.028320 0.027344 0.020996 0.041748 0.044189 
0.044922 0.030518 0.038818 0.033203 0.027832 0.045898 0.046631 
0.046875 0.024902 0.038818 0.028809 0.030029 0.044434 0.048584 
0.049316 0.020264 0.039551 0.028320 0.027344 0.041748 0.045410 
0.036865 0.022461 0.036621 0.029297 0.028076 0.032959 0.027100 

0.123291 0.071533 0.072510 0.085693 0.087646 0.080322 0.084229 
0.051758 -0.036377 -0.017334 -0.012451 -0.022705 -0.009521 -0.041748 
0.050049 -0.019775 -0.001221 0.009033 -0.006104 -0.013428 -0.018555 
0.034180 -0.026123 -0.014404 0.004150 0.010498 -0.018799 -0.027588 
0.033447 -0.029297 -0.016113 -0.008057 0.005615 -0.021973 -0.019287 
0.023193 -0.033447 -0.003418 0.001465 0.016846 -0.001221 -0.024658 
-0.005615 -0.027100 0.025146 0.022705 0.043457 0.015625 -0.043457 

0.026367 -0.009888 0.016357 -0.013062 0.006104 0.003662 -0.031982 
-0.055786 -0.105469 -0.085449 -0.110779 -0.096924 -0.095581 -0.160645 
-0.029175 -0.084473 -0.064331 -0.081909 -0.073242 -0.071777 -0.143066 
-0.026123 -0.080078 -0.051514 -0.071777 -0.074463 -0.071411 -0.146240 
-0.031860 -0.101807 -0.055176 -0.083008 -0.077515 -0.080200 -0.143921 
-0.043457 -0.119873 -0.067139 -0.099243 -0.090515 -0.092224 -0.153564 
-0.140869 -0.243652 -0.196533 -0.224121 -0.211914 -0.214600 -0.269775 

0.342285 0.290283 0.288574 0.292725 0.286865 0.286133 0.287109 
0.297363 0.253662 0.255371 0.267334 0.263428 0.254883 0.231445 
0.291504 0.260498 0.257324 0.264648 0.265381 0.258301 0.241455 
0.291992 0.272217 0.270752 0.279297 0.280518 0.270752 0.260498 
0.292725 0.270020 0.265625 0.281006 0.279053 0.274414 0.251953 
0.286133 0.265869 0.260986 0.282959 0.280273 0.272217 0.246826 
0.324951 0.277588 0.281250 0.290771 0.293213 0.290039 0.284912 

-0.083252 -0.120850 -0.114990 -0.117920 -0.115967 -0.112061 -0.092529 
-0.140137 -0.135498 -0.135742 -0.130615 -0.132812 -0.137939 -0.092529 
-0.143066 -0.145996 -0.147705 -0.150635 -0.143799 -0.149902 -0.109375 
-0.147461 -0.143066 -0.142334 -0.141602 -0.142578 -0.145264 -0.099121 
-0.152344 -0.144531 -0.148682 -0.139160 -0.142334 -0.142334 -0.100098 
-0.143555 -0.132568 -0.139404 -0.128418 -0.132324 -0.139404 -0.098633 
-0.144043 -0.152344 -0.151367 -0.156250 -0.151611 -0.150635 -0.125977 

0.127441 0.039917 0.035492 0.035980 0.034760 0.039795 0.056427 
0.148193 0.076782 0.085022 0.084534 0.082397 0.084412 0.110474 
0.145142 0.066101 0.069946 0.070190 0.076538 0.074707 0.084778 
0.153198 0.072571 0.072998 0.074036 0.075623 0.085754 0.096436 
0.152222 0.069275 0.066223 0.068665 0.069519 0.084351 0.092163 
0.160767 0.082642 0.076294 0.082458 0.085144 0.095825 0.104797 
0.166626 0.099243 0.083862 0.086426 0.091736 0.097168 0.114990 

-0.204224 -0.240601 -0.230591 -0.232056 -0.231567 -0.238892 -0.267578 
-0.149780 -0.193726 -0.181763 -0.175415 -0.185669 -0.185181 -0.232300 
-0.172729 -0.208374 -0.192749 -0.178345 -0.188110 -0.195923 -0.238403 
-0.169312 -0.203735 -0.191528 -0.180298 -0.178589 -0.185913 -0.234009 
-0.171509 -0.204224 -0.187378 -0.182495 -0.180054 -0.189331 -0.234009 
-0.189575 -0.223755 -0.203247 -0.195190 -0.191040 -0.199585 -0.250488 
-0.203003 -0.221802 -0.215942 -0.210327 -0.214233 -0.225708 -0.250977 

0.171021 0.143799 0.150391 0.133423 0.151489 0.146606 0.168823 
0.093750 0.095581 0.080750 0.067017 0.080017 0.075073 0.144775 
0.110352 0.124634 0.111816 0.103638 0.105103 0.095581 0.170532 
0.109497 0.119751 0.114624 0.100586 0.099731 0.097046 0.174316 
0.107544 0.109253 0.115112 0.098755 0.103882 0.098877 0.176147 
0.111450 0.118774 0.131104 0.112305 0.118774 0.108276 0.178345 
0.100342 0.089539 0.104126 0.089417 0.096313 0.084900 0.119141 

0.176025 0.202881 0.194824 0.183838 0.191650 0.189209 0.201416 
0.111206 0.136108 0.154297 0.136963 0.149414 0.143677 0.159424 
0.120239 0.146118 0.163086 0.145752 0.144775 0.158691 0.170410 
0.112305 0.125000 0.147705 0.131104 0.121338 0.146973 0.162109 
0.111694 0.130493 0.155762 0.139404 0.130127 0.150635 0.167236 
0.104736 0.124634 0.149658 0.130737 0.124390 0.135742 0.158447 
0.099365 0.116089 0.129639 0.121826 0.116699 0.128784 0.140747 

0.143433 0.059875 0.042236 0.054199 0.050781 0.050232 0.080994 
0.160278 0.086670 0.070679 0.077026 0.081848 0.071350 0.126221 
0.168091 0.109802 0.099365 0.103394 0.105713 0.099548 0.143799 
0.159668 0.103577 0.095947 0.096069 0.097473 0.092529 0.134277 
0.160400 0.103760 0.092529 0.095642 0.093445 0.095154 0.136475 
0.155762 0.100891 0.084717 0.089294 0.085205 0.086487 0.132324 
0.141113 0.092712 0.066284 0.076599 0.071045 0.078186 0.123657 

0.017334 -0.004883 -0.011963 -0.016113 -0.010010 -0.005615 0.043701 
0.005371 -0.012939 -0.020508 -0.038452 -0.016602 -0.024170 0.032715 
-0.001709 -0.008301 -0.011230 -0.019043 -0.010986 -0.006592 0.031982 
-0.000488 -0.002197 0.001465 -0.008301 -0.012207 -0.001221 0.041016 
-0.002197 -0.016846 -0.003662 -0.010986 -0.014893 0.000977 0.040039 
-0.008057 -0.020996 -0.007568 -0.016846 -0.018066 -0.010254 0.024414 
-0.031494 -0.082031 -0.070679 -0.080811 -0.080566 -0.079956 -0.018799 

-0.043457 -0.069214 -0.079102 -0.079529 -0.076172 -0.078125 -0.075439 
-0.000732 -0.025024 -0.047058 -0.045227 -0.034393 -0.040710 -0.034393 
-0.003906 -0.026642 -0.044922 -0.035797 -0.038330 -0.043823 -0.034088 
0.000275 -0.036865 -0.042664 -0.043579 -0.047913 -0.049133 -0.040894 
-0.000336 -0.047913 -0.044922 -0.049561 -0.048981 -0.049561 -0.043640 
0.016022 -0.041321 -0.036987 -0.041016 -0.043976 -0.040771 -0.031860 
0.010834 -0.031982 -0.022385 -0.022293 -0.026352 -0.025818 -0.025421 

-0.194580 -0.227905 -0.233521 -0.233276 -0.231934 -0.227417 -0.245239 
-0.122681 -0.162109 -0.161011 -0.172729 -0.168091 -0.162964 -0.194946 
-0.116455 -0.157593 -0.164551 -0.172241 -0.170654 -0.160889 -0.189331 
-0.112427 -0.159302 -0.163208 -0.171387 -0.173462 -0.160767 -0.196045 
-0.108643 -0.156494 -0.157959 -0.169067 -0.174561 -0.169556 -0.194580 
-0.114502 -0.167603 -0.160767 -0.171265 -0.178467 -0.176758 -0.202148 
-0.157715 -0.218384 -0.199829 -0.202637 -0.204468 -0.212402 -0.248047 

0.140747 0.093445 0.112183 0.107666 0.109497 0.104675 0.080994 
0.063049 -0.016235 -0.013672 -0.011353 -0.014282 -0.010742 -0.028809 
0.076355 -0.003662 -0.003174 -0.002197 0.001831 -0.001953 -0.010254 
0.075745 -0.001953 0.003662 -0.004150 0.005127 -0.006470 -0.017090 
0.074341 -0.013184 -0.000732 -0.011963 0.002441 -0.008789 -0.010742 
0.080383 -0.022339 -0.001221 -0.010864 0.001953 0.000977 -0.005005 
0.049927 -0.026367 -0.005615 -0.008789 0.000977 -0.008545 -0.014282 

0.350586 0.216309 0.205078 0.202393 0.204102 0.209961 0.261719 
0.313477 0.160645 0.141602 0.146484 0.150879 0.138184 0.227783 
0.304932 0.150879 0.126953 0.133545 0.136230 0.145020 0.233643 
0.309082 0.144287 0.116211 0.126465 0.129395 0.145508 0.223145 
0.313232 0.155762 0.114746 0.131836 0.121582 0.149414 0.219727 
0.308594 0.178467 0.125977 0.148438 0.136475 0.147461 0.218506 
0.325684 0.234619 0.204346 0.219727 0.210205 0.218262 0.270996 

0.008789 -0.048340 -0.081055 -0.061523 -0.066895 -0.060059 -0.056152 
-0.048828 -0.099121 -0.114746 -0.102539 -0.104492 -0.116211 -0.154785 
-0.081543 -0.111328 -0.140625 -0.138184 -0.142090 -0.140625 -0.159668 
-0.073730 -0.112305 -0.153809 -0.136230 -0.141602 -0.137207 -0.158203 
-0.062500 -0.088867 -0.141113 -0.126465 -0.148438 -0.128906 -0.161621 
-0.064941 -0.076660 -0.121582 -0.116211 -0.138672 -0.135254 -0.168457 
-0.034668 -0.111328 -0.130859 -0.125000 -0.143555 -0.133789 -0.138184 

-0.104614 0.031860 0.031128 0.033081 0.031372 0.031372 0.000366 
-0.107544 0.002197 0.015015 -0.004517 -0.008179 0.009521 -0.063599 
-0.097778 0.005615 0.026245 0.015015 -0.002563 0.021606 -0.036499 
-0.110474 -0.003052 0.014771 0.005371 0.000732 0.001221 -0.051880 
-0.106812 0.009399 0.028198 0.011353 0.011353 0.003662 -0.044312 
-0.110962 -0.014526 0.019043 -0.009399 -0.015747 -0.014771 -0.062378 
-0.115845 -0.068726 -0.024292 -0.046509 -0.050171 -0.050659 -0.073364 

-0.237061 -0.205444 -0.209473 -0.205811 -0.211670 -0.207520 -0.215820 
-0.119141 -0.108765 -0.104858 -0.098145 -0.102905 -0.101440 -0.098145 
-0.106323 -0.092041 -0.089355 -0.085205 -0.085815 -0.087646 -0.101318 
-0.100708 -0.094238 -0.089844 -0.092773 -0.087646 -0.092896 -0.098267 
-0.097900 -0.093262 -0.088501 -0.093628 -0.084229 -0.088745 -0.099609 
-0.087524 -0.086426 -0.088867 -0.087402 -0.080566 -0.084595 -0.089111 
-0.072754 -0.060638 -0.057770 -0.055328 -0.051788 -0.051910 -0.054047 

-0.015869 0.006592 0.018555 0.019531 0.020996 0.017822 0.009033 
0.035156 0.050049 0.063477 0.050049 0.053711 0.053223 0.055908 
0.016602 0.023193 0.033203 0.023682 0.026123 0.028809 0.039551 
0.023682 0.034180 0.032227 0.041992 0.043945 0.051758 0.040283 
0.022461 0.040283 0.025879 0.038330 0.034424 0.042725 0.045410 
0.010742 0.040039 0.031250 0.035645 0.038818 0.043457 0.043701 
-0.041504 0.010498 0.010010 0.002197 0.016357 0.021729 -0.000244 

-0.032471 0.040283 0.028076 0.030762 0.025635 0.031250 0.070312 
0.027588 0.078125 0.081055 0.081787 0.081787 0.102661 0.118652 
0.032715 0.074219 0.081299 0.079102 0.077637 0.098755 0.106445 
0.029297 0.069336 0.077637 0.070068 0.063232 0.090942 0.110107 
0.026855 0.073486 0.074463 0.069580 0.065674 0.086426 0.106079 
0.030029 0.086670 0.080811 0.067871 0.064697 0.086670 0.106812 
0.068604 0.141235 0.134766 0.126221 0.122314 0.139526 0.156006 

0.042877 0.023773 -0.005157 0.011322 0.007416 -0.006989 -0.022858 
0.021210 0.060883 0.025177 0.048981 0.038727 0.031158 0.005768 
0.004913 0.041962 0.017181 0.037750 0.036713 0.013702 -0.012299 
-0.002747 0.037262 0.017365 0.034088 0.030975 0.005585 -0.009796 
-0.009735 0.025604 0.016327 0.025604 0.024384 -0.006439 -0.030060 
-0.002167 0.011383 -0.003357 0.012726 0.005310 -0.007355 -0.024323 
-0.025177 -0.028290 -0.050201 -0.027557 -0.040192 -0.049225 -0.046478 

0.145874 0.154541 0.143066 0.142578 0.145386 0.145508 0.166138 
0.102234 0.115295 0.101562 0.088135 0.098206 0.091858 0.127686 
0.097046 0.108582 0.093933 0.084656 0.088867 0.096680 0.145752 
0.103210 0.103394 0.088440 0.086121 0.081421 0.101685 0.145264 
0.109131 0.110413 0.089600 0.087830 0.076782 0.096985 0.140381 
0.110352 0.117798 0.094604 0.089966 0.081055 0.095520 0.133545 
0.093262 0.101196 0.091187 0.093506 0.088196 0.093872 0.125000 

-0.103027 -0.080627 -0.078674 -0.072144 -0.073975 -0.076721 -0.063293 
-0.160278 -0.107178 -0.123291 -0.111084 -0.119995 -0.117310 -0.125366 
-0.179688 -0.132812 -0.156372 -0.148193 -0.158081 -0.155518 -0.149048 
-0.175293 -0.118530 -0.146973 -0.139893 -0.140503 -0.143433 -0.133789 
-0.172363 -0.109375 -0.138550 -0.141724 -0.145874 -0.145508 -0.141113 
-0.165527 -0.098511 -0.124390 -0.127197 -0.134888 -0.131592 -0.138428 
-0.142944 -0.082153 -0.099731 -0.101685 -0.109497 -0.109253 -0.110596 

-0.019287 0.034668 0.064941 0.053223 0.051758 0.051270 -0.001709 
-0.062500 -0.018066 -0.003662 -0.000244 -0.007568 -0.009033 -0.086426 
-0.062256 -0.016357 -0.009277 -0.000977 0.001465 -0.012939 -0.076416 
-0.063721 -0.009521 -0.004150 0.000977 0.008545 -0.013672 -0.073730 
-0.057861 -0.016846 0.002930 -0.003906 0.007568 -0.007812 -0.060303 
-0.075684 -0.030273 0.002930 0.000244 0.015625 0.005615 -0.055908 
-0.097656 -0.055908 -0.024902 -0.034668 -0.019775 -0.024414 -0.070557 

-0.097351 -0.139038 -0.135986 -0.134277 -0.135498 -0.135132 -0.144653 
-0.066956 -0.059540 -0.067749 -0.068481 -0.065308 -0.064941 -0.076904 
-0.077148 -0.087646 -0.098389 -0.094910 -0.090454 -0.092285 -0.103943 
-0.074402 -0.079468 -0.090027 -0.088074 -0.087952 -0.091003 -0.092712 
-0.075195 -0.080688 -0.086304 -0.086182 -0.086914 -0.090820 -0.099731 
-0.069580 -0.077026 -0.084229 -0.083496 -0.088013 -0.089050 -0.096191 
-0.082581 -0.099487 -0.117920 -0.117310 -0.122314 -0.114197 -0.101318 

0.099487 0.122192 0.137695 0.134644 0.128906 0.131592 0.125854 
0.063110 0.071838 0.065796 0.084351 0.077881 0.049866 0.068115 
0.050049 0.047974 0.027161 0.041626 0.054993 0.024353 0.055084 
0.056458 0.055573 0.035034 0.047180 0.055359 0.038940 0.072144 
0.061249 0.062622 0.032593 0.048096 0.048096 0.042603 0.066284 
0.043152 0.058746 0.030518 0.057678 0.063843 0.043640 0.065002 
0.036682 0.047363 0.022217 0.036621 0.045715 0.039429 0.072021 

0.117432 0.090576 0.094727 0.097168 0.092773 0.096191 0.111572 
0.030762 0.001465 -0.007812 0.006592 0.003174 -0.013672 -0.015137 
0.014160 -0.009766 -0.014404 -0.011230 -0.012695 -0.021484 -0.014893 
0.004883 -0.026367 -0.039307 -0.017090 -0.017090 -0.016846 -0.018066 
0.006348 -0.019531 -0.040283 -0.015625 -0.020020 -0.020996 -0.025391 
0.024170 -0.002197 -0.029541 -0.010010 -0.012939 -0.010010 -0.015625 
-0.008789 -0.051514 -0.075684 -0.071533 -0.069824 -0.063965 -0.057861 

0.021729 -0.017578 -0.000244 0.001709 -0.007080 -0.008057 -0.046631 
0.027100 -0.031494 -0.037109 -0.011475 -0.029053 -0.030762 -0.053955 
0.030029 -0.030518 -0.042969 -0.018799 -0.012451 -0.033203 -0.063477 
0.030518 -0.020996 -0.037109 -0.021484 -0.010498 -0.029297 -0.046143 
0.032959 -0.013916 -0.036133 -0.024414 -0.012695 -0.022217 -0.046631 
0.033936 -0.002197 -0.029053 -0.009766 0.004883 -0.006592 -0.029053 
0.019531 0.005615 -0.023682 -0.011963 0.001953 0.000244 -0.026611 

0.056793 0.019180 0.011139 0.006695 0.011307 0.012650 0.006535 
0.040802 -0.010391 -0.022858 -0.034515 -0.019348 -0.013428 -0.036407 
0.047699 0.010132 0.001549 -0.004707 0.001671 -0.005913 -0.014496 
0.055023 0.016953 0.010712 -0.003239 -0.000919 -0.007595 -0.023590 
0.050507 0.000664 0.012863 -0.007965 -0.006203 -0.009018 -0.024384 
0.047333 -0.021545 -0.001247 -0.018570 -0.019073 -0.017136 -0.034180 
0.030045 -0.037872 -0.018524 -0.025192 -0.030777 -0.040405 -0.043427 

-0.136963 0.005188 0.003479 0.011292 0.004700 0.014587 0.007263 
-0.133545 0.037781 0.040955 0.047058 0.038513 0.053223 0.013550 
-0.140137 0.017395 0.021057 0.026855 0.026184 0.029419 -0.020020 
-0.139404 0.027649 0.024292 0.034058 0.035706 0.040833 -0.008179 
-0.136230 0.036011 0.023254 0.034607 0.035217 0.041870 -0.010010 
-0.130127 0.060242 0.040039 0.051270 0.054199 0.059753 0.013550 
-0.115417 0.104187 0.096069 0.096069 0.101624 0.099304 0.054443 

0.015869 0.055664 0.061523 0.062500 0.069824 0.067139 0.031860 
0.104492 0.141113 0.123535 0.129883 0.143799 0.127930 0.139648 
0.106445 0.155273 0.138184 0.146240 0.159668 0.136963 0.130859 
0.104004 0.148682 0.144043 0.142578 0.150146 0.138184 0.141357 
0.101562 0.135742 0.146973 0.139160 0.146973 0.142822 0.134277 
0.110840 0.135742 0.146973 0.148438 0.155273 0.145996 0.146484 
0.111328 0.128418 0.106445 0.120605 0.121094 0.106934 0.110840 

-0.069336 0.020996 -0.002686 0.002686 0.006836 0.005615 0.027832 
-0.059570 0.092407 0.069702 0.083618 0.084961 0.081543 0.056641 
-0.062988 0.095093 0.064697 0.079224 0.080322 0.068848 0.044678 
-0.060791 0.094971 0.068604 0.072876 0.078247 0.065063 0.047363 
-0.060791 0.088867 0.073242 0.073975 0.077026 0.069214 0.045776 
-0.050781 0.086548 0.077881 0.084961 0.080566 0.074341 0.045898 
-0.055664 0.047119 0.030884 0.038086 0.027588 0.022949 0.031616 

-0.251709 -0.206787 -0.229614 -0.222900 -0.218262 -0.220703 -0.220947 
-0.200073 -0.170288 -0.205078 -0.206055 -0.197266 -0.200439 -0.193359 
-0.197754 -0.156250 -0.179932 -0.173096 -0.180176 -0.178345 -0.171265 
-0.195801 -0.164551 -0.184814 -0.184814 -0.190430 -0.193970 -0.185913 
-0.199219 -0.174194 -0.186523 -0.188477 -0.191895 -0.196533 -0.192017 
-0.189453 -0.168823 -0.179077 -0.181885 -0.191895 -0.193115 -0.188477 
-0.201660 -0.162476 -0.159302 -0.155884 -0.166504 -0.171265 -0.175781 

0.024170 -0.041504 -0.046875 -0.045410 -0.041748 -0.050537 -0.024902 
0.125488 0.043457 0.065186 0.037598 0.050049 0.039062 0.107422 
0.104004 0.025146 0.038086 0.023438 0.010254 0.023438 0.116943 
0.109375 0.033203 0.041260 0.028076 0.021240 0.022949 0.097656 
0.106934 0.051514 0.052490 0.036621 0.021484 0.016357 0.098145 
0.104004 0.047119 0.058594 0.038818 0.017334 0.015625 0.096191 
0.081543 0.039307 0.059082 0.047363 0.036865 0.042480 0.093262 

-0.244751 -0.276855 -0.252197 -0.274414 -0.259521 -0.254883 -0.274414 
-0.373047 -0.388672 -0.346191 -0.371582 -0.350098 -0.354492 -0.358887 
-0.382812 -0.394531 -0.357422 -0.377441 -0.366699 -0.367188 -0.366211 
-0.392090 -0.402344 -0.362305 -0.373535 -0.375000 -0.364258 -0.361816 
-0.391602 -0.400879 -0.359863 -0.372559 -0.374023 -0.362793 -0.354492 
-0.409180 -0.407715 -0.365723 -0.381836 -0.377930 -0.379395 -0.371582 
-0.384766 -0.389648 -0.351562 -0.368164 -0.361816 -0.364258 -0.356445 

0.096436 0.063599 0.063721 0.067810 0.061951 0.069702 0.073853 
0.100830 0.037445 0.047638 0.049805 0.036194 0.045593 0.051636 
0.107239 0.050232 0.057037 0.056885 0.049011 0.062683 0.058533 
0.109497 0.048737 0.050629 0.049438 0.042908 0.054230 0.051178 
0.108765 0.053894 0.049622 0.055573 0.050110 0.057373 0.051697 
0.105713 0.054199 0.047638 0.052612 0.048065 0.054016 0.052795 
0.109375 0.060120 0.064270 0.067871 0.063660 0.064697 0.058167 

0.249390 0.371582 0.346680 0.352539 0.351074 0.350586 0.371094 
0.257812 0.368164 0.354004 0.346680 0.349609 0.348633 0.376953 
0.254395 0.354004 0.351562 0.347168 0.337402 0.345215 0.363281 
0.248169 0.346680 0.352539 0.345703 0.330566 0.338867 0.360840 
0.246704 0.349609 0.354980 0.354004 0.335449 0.341309 0.352051 
0.252930 0.347168 0.353516 0.357422 0.333008 0.335449 0.354492 
0.320312 0.427246 0.436035 0.446777 0.425781 0.425293 0.431152 

0.029419 0.099487 0.086792 0.101074 0.097290 0.095459 0.102539 
0.164185 0.228394 0.201294 0.205200 0.218384 0.186157 0.223999 
0.142700 0.214966 0.179565 0.186157 0.192261 0.187378 0.228882 
0.158325 0.216919 0.184204 0.194214 0.189331 0.201538 0.222046 
0.161011 0.220825 0.187134 0.201294 0.180786 0.201294 0.218628 
0.153931 0.226196 0.186401 0.200806 0.181030 0.192749 0.206177 
0.127808 0.190796 0.154907 0.171265 0.153442 0.163940 0.200073 

0.093567 0.071167 0.044983 0.072327 0.054810 0.059570 0.059875 
0.146484 0.113403 0.101685 0.123474 0.103210 0.112305 0.091675 
0.151611 0.120789 0.105103 0.116638 0.107544 0.114136 0.114746 
0.151489 0.112549 0.096680 0.105469 0.116150 0.099121 0.107666 
0.155273 0.118530 0.099976 0.109070 0.113892 0.105103 0.112000 
0.151367 0.100830 0.087524 0.100220 0.096558 0.098450 0.095337 
0.146240 0.061218 0.031311 0.048767 0.037720 0.051331 0.060822 

0.009155 0.121948 0.141113 0.125732 0.134766 0.133423 0.120972 
0.019043 0.126099 0.106201 0.109863 0.106995 0.109375 0.087524 
0.021912 0.155029 0.130615 0.141846 0.134644 0.126099 0.122437 
0.025574 0.159180 0.131348 0.143677 0.142578 0.131592 0.112183 
0.023193 0.156982 0.133423 0.138916 0.135742 0.135864 0.119202 
0.022339 0.144165 0.124878 0.132568 0.130981 0.138550 0.111206 
-0.008301 0.096313 0.066284 0.075195 0.070251 0.078430 0.087524 

0.125610 0.103027 0.102417 0.109863 0.102295 0.103516 0.133301 
0.041870 0.031494 0.032471 0.044678 0.033691 0.025635 0.046265 
0.033325 0.013123 0.009460 0.022095 0.020386 0.011536 0.030518 
0.037842 0.010742 0.001343 0.020264 0.022705 0.019043 0.035583 
0.039368 0.017365 -0.003967 0.021179 0.017761 0.017883 0.030090 
0.039062 0.032471 -0.005188 0.022461 0.021973 0.021423 0.032593 
0.047852 0.023071 -0.002869 0.007965 0.010620 0.014923 0.031494 

-0.062988 -0.113525 -0.121826 -0.107422 -0.121826 -0.112305 -0.105225 
-0.000244 -0.072998 -0.081543 -0.065186 -0.085205 -0.069092 -0.079834 
0.003174 -0.078369 -0.092529 -0.079346 -0.088135 -0.066650 -0.077637 
0.000977 -0.083740 -0.098389 -0.097412 -0.094482 -0.077393 -0.081787 
0.004150 -0.080322 -0.092773 -0.092529 -0.089111 -0.069092 -0.078369 
-0.001709 -0.085449 -0.087158 -0.080811 -0.084229 -0.066162 -0.077393 
-0.005371 -0.090576 -0.094727 -0.080322 -0.094971 -0.078125 -0.077148 

-0.056152 -0.153809 -0.166992 -0.168457 -0.166016 -0.164062 -0.107910 
-0.058594 -0.130859 -0.118652 -0.125977 -0.125488 -0.116699 -0.075684 
-0.067871 -0.157715 -0.149414 -0.154785 -0.151367 -0.145020 -0.091797 
-0.067871 -0.148438 -0.140625 -0.150879 -0.150879 -0.139648 -0.084961 
-0.069824 -0.153320 -0.142578 -0.153809 -0.153320 -0.143066 -0.083008 
-0.068848 -0.155273 -0.138672 -0.149414 -0.148926 -0.142090 -0.085449 
-0.035156 -0.123047 -0.102539 -0.110840 -0.110840 -0.113770 -0.080566 

-0.276855 -0.383789 -0.351074 -0.375488 -0.367676 -0.359863 -0.358887 
-0.309082 -0.386719 -0.364746 -0.384766 -0.369629 -0.369141 -0.379395 
-0.317871 -0.393066 -0.372559 -0.386230 -0.380859 -0.377441 -0.374023 
-0.303223 -0.388672 -0.365234 -0.370117 -0.373047 -0.354980 -0.371094 
-0.299316 -0.397949 -0.364746 -0.373535 -0.376953 -0.357910 -0.365723 
-0.293457 -0.404297 -0.369141 -0.379883 -0.372559 -0.357422 -0.368164 
-0.270996 -0.371094 -0.364746 -0.379883 -0.372070 -0.356445 -0.339355 

-0.218384 -0.238403 -0.225830 -0.225952 -0.227051 -0.228271 -0.202637 
-0.269531 -0.262695 -0.265869 -0.254883 -0.251953 -0.257568 -0.243774 
-0.277832 -0.271484 -0.282227 -0.285889 -0.275391 -0.273682 -0.266113 
-0.274414 -0.266602 -0.275879 -0.279053 -0.269043 -0.270020 -0.250977 
-0.276855 -0.266113 -0.281738 -0.277100 -0.274902 -0.267822 -0.261230 
-0.270996 -0.252930 -0.279541 -0.273438 -0.270752 -0.266357 -0.257812 
-0.245605 -0.236206 -0.261230 -0.260742 -0.256348 -0.253174 -0.230347 

-0.017212 -0.010010 -0.004761 -0.006592 -0.004150 -0.003052 0.006226 
-0.027588 -0.004272 -0.020386 -0.011841 -0.009766 -0.008057 0.013428 
-0.022339 0.002563 -0.011597 -0.006958 -0.005371 -0.010986 0.011597 
-0.022217 0.004639 -0.015503 -0.004150 -0.000854 -0.004761 0.011841 
-0.017822 0.005371 -0.015381 -0.005615 -0.008057 -0.001831 0.021240 
-0.027222 -0.008057 -0.018799 -0.010376 -0.009399 -0.006104 0.010254 
-0.033813 0.000488 -0.002563 -0.001831 0.001221 -0.004028 -0.004150 

-0.013184 0.082947 0.069824 0.077026 0.075806 0.075500 0.073303 
-0.035645 0.129639 0.125488 0.128296 0.119995 0.114563 0.054047 
-0.053955 0.108276 0.092468 0.097473 0.089966 0.094482 0.035034 
-0.056396 0.121826 0.102783 0.105774 0.097595 0.103699 0.040527 
-0.067627 0.129272 0.103271 0.109314 0.100220 0.099121 0.038879 
-0.076660 0.133423 0.108398 0.111206 0.099609 0.099731 0.046509 
-0.108643 0.065125 0.063599 0.058167 0.055786 0.060638 0.012268 

0.322998 0.292236 0.290039 0.291260 0.283936 0.296143 0.317627 
0.343994 0.308838 0.324951 0.327393 0.326904 0.324951 0.320068 
0.326416 0.293213 0.310303 0.315186 0.309326 0.320557 0.314209 
0.320557 0.293701 0.307373 0.314209 0.311768 0.317139 0.312744 
0.324463 0.300537 0.306885 0.320557 0.315674 0.322510 0.315674 
0.295654 0.283691 0.293213 0.304443 0.301514 0.299072 0.298584 
0.328857 0.267578 0.276855 0.283936 0.282471 0.280762 0.275879 

-0.093018 -0.176758 -0.156006 -0.178223 -0.171631 -0.166260 -0.155762 
-0.103760 -0.121826 -0.108643 -0.126709 -0.108643 -0.120117 -0.057983 
-0.095459 -0.118896 -0.101074 -0.121338 -0.108887 -0.114990 -0.063232 
-0.103760 -0.136475 -0.107178 -0.123535 -0.123291 -0.114502 -0.054077 
-0.102539 -0.144775 -0.114014 -0.125977 -0.122559 -0.110596 -0.054810 
-0.107178 -0.142578 -0.119141 -0.132324 -0.123047 -0.125488 -0.057983 
-0.084473 -0.133057 -0.138672 -0.147217 -0.136963 -0.135498 -0.071533 

-0.064880 -0.127563 -0.154907 -0.127930 -0.147095 -0.141724 -0.136230 
-0.028290 -0.065735 -0.073181 -0.050598 -0.070496 -0.061462 -0.074463 
-0.042297 -0.072998 -0.065979 -0.066284 -0.075684 -0.069702 -0.080383 
-0.047577 -0.078552 -0.075439 -0.077393 -0.072388 -0.074585 -0.079834 
-0.047607 -0.073364 -0.079773 -0.068237 -0.066406 -0.067200 -0.080872 
-0.046570 -0.076172 -0.084412 -0.069702 -0.073730 -0.072388 -0.082764 
-0.006065 -0.037354 -0.048706 -0.039215 -0.045532 -0.046082 -0.043335 

-0.013138 0.018539 0.018784 0.015060 0.023575 0.025497 0.055725 
-0.025558 0.021835 0.008224 -0.002640 0.008530 0.010544 0.084778 
-0.012939 0.041138 0.026413 0.021927 0.025406 0.031433 0.096069 
-0.014160 0.041260 0.024582 0.021286 0.013626 0.024155 0.090210 
-0.015945 0.040955 0.023727 0.021927 0.014694 0.027908 0.091431 
-0.007492 0.059265 0.039246 0.026413 0.018723 0.027542 0.093872 
0.000748 0.067932 0.058960 0.048401 0.040894 0.049133 0.104614 

0.164795 0.237549 0.243896 0.241943 0.253174 0.239014 0.260010 
0.114990 0.192627 0.184326 0.179443 0.188232 0.187256 0.248779 
0.123291 0.198975 0.203369 0.200928 0.196533 0.185791 0.235107 
0.120361 0.193115 0.190186 0.202881 0.202881 0.182861 0.238525 
0.118896 0.193604 0.195068 0.197021 0.201904 0.184814 0.237549 
0.126709 0.196045 0.204346 0.199463 0.207275 0.197021 0.246826 
0.167725 0.263916 0.292236 0.280518 0.288818 0.272705 0.292725 

-0.134277 -0.077148 -0.082520 -0.083008 -0.090820 -0.081055 -0.115234 
-0.119629 -0.094238 -0.093262 -0.090820 -0.105469 -0.081055 -0.149414 
-0.121582 -0.099121 -0.099121 -0.103516 -0.098145 -0.085938 -0.128906 
-0.118652 -0.093750 -0.095703 -0.097656 -0.089355 -0.087402 -0.130859 
-0.115723 -0.096680 -0.097656 -0.098633 -0.094238 -0.087891 -0.121582 
-0.125977 -0.116699 -0.111328 -0.107422 -0.100586 -0.088379 -0.137207 
-0.147461 -0.142090 -0.129883 -0.130371 -0.125977 -0.121094 -0.138184 

0.159668 0.133423 0.128052 0.122620 0.120605 0.122009 0.105774 
0.143555 0.095337 0.105835 0.093201 0.093018 0.100769 0.083618 
0.144043 0.092834 0.102539 0.091919 0.091980 0.103821 0.093384 
0.146484 0.089722 0.098694 0.086243 0.084534 0.100464 0.086426 
0.148438 0.089905 0.101074 0.086609 0.087219 0.097046 0.086914 
0.150391 0.089600 0.105286 0.093994 0.094116 0.102356 0.084167 
0.142944 0.076965 0.101074 0.090942 0.092285 0.091492 0.088867 

0.184204 0.146606 0.162720 0.153809 0.155884 0.160767 0.139771 
0.165161 0.136108 0.151978 0.153687 0.152222 0.144653 0.099854 
0.152710 0.111328 0.133789 0.131470 0.136108 0.128662 0.099365 
0.163696 0.130249 0.149902 0.152588 0.157715 0.151978 0.106812 
0.163940 0.124268 0.140503 0.148560 0.152710 0.149780 0.105835 
0.160767 0.126221 0.139648 0.153564 0.163818 0.158936 0.118652 
0.167114 0.132935 0.157227 0.161499 0.171387 0.160278 0.125122 

-0.032959 0.121948 0.110779 0.120972 0.112976 0.112854 0.122620 
0.060120 0.224121 0.225830 0.227051 0.226318 0.210571 0.221558 
0.055115 0.207153 0.201904 0.198853 0.203247 0.200317 0.200195 
0.058838 0.203491 0.199463 0.199707 0.197510 0.214966 0.210938 
0.060242 0.213379 0.196533 0.205933 0.198853 0.214111 0.205322 
0.059937 0.234009 0.206177 0.219116 0.215698 0.219116 0.215332 
0.080322 0.252441 0.225586 0.230225 0.231323 0.235596 0.221558 

0.116394 0.081055 0.077881 0.088501 0.085571 0.083740 0.077271 
0.052368 0.023010 0.014893 0.032471 0.021667 0.014465 0.008667 
0.052063 0.015076 0.004822 0.027710 0.019775 0.008789 0.001221 
0.058868 0.025391 0.007568 0.018921 0.016846 0.009399 0.007812 
0.056763 0.027161 0.004150 0.018188 0.016113 0.011353 0.000183 
0.066101 0.046509 0.016052 0.034668 0.031067 0.023865 0.021729 
0.086060 0.069092 0.040405 0.057556 0.051086 0.053162 0.028687 

-0.153320 -0.013672 -0.039307 -0.023682 -0.021729 -0.026123 -0.002441 
-0.170654 -0.006104 -0.033936 -0.018799 -0.017822 -0.026367 -0.020752 
-0.182617 -0.026855 -0.060059 -0.042969 -0.052734 -0.052734 -0.042725 
-0.181152 -0.033447 -0.062500 -0.053467 -0.052246 -0.062012 -0.046387 
-0.176758 -0.021484 -0.050293 -0.045654 -0.049316 -0.053223 -0.049072 
-0.174561 -0.005859 -0.038818 -0.030273 -0.040283 -0.044189 -0.042969 
-0.117432 0.066772 0.021729 0.040527 0.023438 0.025879 0.035400 

-0.195801 -0.221191 -0.228027 -0.240234 -0.232422 -0.230957 -0.165039 
-0.213867 -0.205078 -0.198730 -0.229004 -0.207031 -0.208496 -0.139648 
-0.228516 -0.234375 -0.226074 -0.254395 -0.241699 -0.232422 -0.164551 
-0.222656 -0.233887 -0.217773 -0.246094 -0.251465 -0.220215 -0.157227 
-0.221680 -0.240723 -0.217285 -0.247559 -0.251953 -0.223633 -0.162598 
-0.210449 -0.226562 -0.211426 -0.243652 -0.244629 -0.223633 -0.157227 
-0.166504 -0.192383 -0.182617 -0.199219 -0.197266 -0.200195 -0.150391 

0.191162 0.113770 0.105469 0.128418 0.111328 0.117920 0.152832 
0.194580 0.056885 0.062988 0.080078 0.053223 0.061279 0.098389 
0.179932 0.057373 0.056885 0.072266 0.050293 0.067139 0.122314 
0.176514 0.054932 0.041016 0.058350 0.061279 0.054443 0.100830 
0.176514 0.069580 0.041748 0.062744 0.065186 0.058594 0.106689 
0.176025 0.063477 0.047607 0.070068 0.069580 0.071777 0.118408 
0.208252 0.130127 0.136475 0.149170 0.147705 0.155273 0.179932 

0.110229 0.106323 0.115845 0.113647 0.117798 0.109985 0.069214 
0.150513 0.151978 0.142212 0.148560 0.153198 0.146362 0.090210 
0.140015 0.149048 0.141479 0.145142 0.153442 0.134888 0.092773 
0.144165 0.167358 0.159302 0.169556 0.176392 0.157593 0.107666 
0.147583 0.157593 0.155396 0.163452 0.171997 0.163940 0.114380 
0.143433 0.154907 0.160767 0.166870 0.183716 0.169067 0.114136 
0.124390 0.115845 0.111450 0.103882 0.116821 0.109253 0.072998 

0.188965 0.259277 0.237793 0.254395 0.241699 0.246582 0.268066 
0.222656 0.282715 0.279785 0.286621 0.282715 0.283691 0.279785 
0.208496 0.260742 0.253418 0.260742 0.248047 0.269531 0.261719 
0.215820 0.272949 0.257324 0.264160 0.254395 0.271484 0.266113 
0.214355 0.284668 0.253906 0.270996 0.256348 0.268066 0.256836 
0.215332 0.291504 0.257812 0.272461 0.252930 0.268066 0.257324 
0.196777 0.205566 0.177246 0.186035 0.171387 0.188477 0.190918 

0.033936 0.131104 0.130127 0.134033 0.137451 0.133545 0.151611 
-0.062988 0.035400 0.019775 0.021240 0.013916 0.016357 0.013916 
-0.064697 0.017334 0.005859 0.005127 0.003418 0.002930 0.006592 
-0.044678 0.037842 0.022217 0.027100 0.031982 0.016357 0.018799 
-0.044678 0.027100 0.012939 0.017822 0.019775 0.009521 0.011963 
-0.038574 0.030518 0.024170 0.026123 0.032471 0.025635 0.030518 
-0.061768 0.040283 0.049072 0.043701 0.052002 0.054443 0.041748 

0.080078 0.020508 0.013184 0.016602 0.018066 0.018066 0.004395 
0.023926 -0.063965 -0.063965 -0.050293 -0.060059 -0.043457 -0.025879 
0.020020 -0.067871 -0.049805 -0.032227 -0.047852 -0.044434 -0.030762 
0.024902 -0.054199 -0.041504 -0.031250 -0.030273 -0.047363 -0.027344 
0.023926 -0.064453 -0.046387 -0.041016 -0.030762 -0.048828 -0.036621 
0.031250 -0.078125 -0.050781 -0.040527 -0.033691 -0.038574 -0.028809 
0.034180 -0.086914 -0.081055 -0.069336 -0.073730 -0.073730 -0.059082 

0.071045 0.039307 0.052490 0.040771 0.037109 0.044189 0.061768 
0.015869 -0.005127 0.008057 -0.005371 -0.004883 -0.003174 0.007568 
0.003662 -0.037598 -0.029541 -0.037109 -0.030273 -0.018555 -0.007568 
0.017334 -0.033691 -0.022949 -0.037109 -0.035645 -0.013672 0.005371 
0.019531 -0.037842 -0.024170 -0.038330 -0.034912 -0.020264 -0.005615 
0.023926 -0.028564 -0.015381 -0.031982 -0.026611 -0.018311 0.001709 
0.027588 -0.048584 -0.032959 -0.047852 -0.039307 -0.038818 -0.016846 

-0.125244 -0.136963 -0.134644 -0.136597 -0.132202 -0.129028 -0.113159 
-0.122681 -0.142456 -0.149536 -0.158569 -0.156372 -0.148193 -0.112183 
-0.102783 -0.112427 -0.133789 -0.134521 -0.129639 -0.122314 -0.088379 
-0.098877 -0.114258 -0.133423 -0.145264 -0.142578 -0.129883 -0.086670 
-0.096436 -0.114502 -0.133057 -0.145996 -0.139893 -0.122437 -0.078125 
-0.095947 -0.114502 -0.125732 -0.139038 -0.131592 -0.121460 -0.082764 
-0.122314 -0.152832 -0.178345 -0.180420 -0.176025 -0.167358 -0.129272 

0.365479 0.332031 0.343262 0.353516 0.337158 0.348877 0.288818 
0.331055 0.283936 0.305908 0.325195 0.301514 0.316650 0.229492 
0.306885 0.242432 0.251465 0.265625 0.260986 0.270752 0.209839 
0.320312 0.273926 0.276611 0.286865 0.290039 0.292725 0.228638 
0.320557 0.269287 0.272949 0.286865 0.286621 0.291992 0.218140 
0.319824 0.261475 0.272461 0.300049 0.295654 0.303223 0.226318 
0.317871 0.280518 0.301270 0.323975 0.315918 0.322510 0.260010 

-0.177979 -0.089111 -0.102722 -0.091187 -0.098389 -0.096680 -0.064575 
-0.159546 -0.056091 -0.046753 -0.041992 -0.049622 -0.057800 -0.026367 
-0.170776 -0.085938 -0.080322 -0.081299 -0.072571 -0.068359 -0.062134 
-0.164185 -0.077209 -0.076416 -0.081116 -0.086121 -0.064209 -0.040283 
-0.165283 -0.074585 -0.088623 -0.077881 -0.085083 -0.064209 -0.051331 
-0.173706 -0.051880 -0.083984 -0.072510 -0.078003 -0.066406 -0.036133 
-0.130615 -0.042419 -0.080566 -0.072205 -0.071228 -0.050293 -0.014038 

0.050293 -0.023193 -0.038574 -0.040039 -0.037842 -0.034668 -0.017334 
0.045532 -0.031250 -0.044189 -0.044922 -0.050537 -0.041748 -0.052246 
0.021973 -0.045898 -0.066650 -0.068848 -0.068848 -0.064941 -0.055176 
0.025635 -0.036865 -0.063232 -0.061035 -0.062988 -0.058838 -0.053467 
0.025879 -0.028320 -0.055176 -0.060059 -0.066650 -0.066162 -0.060303 
0.023926 -0.035156 -0.055908 -0.060547 -0.068604 -0.065430 -0.078857 
-0.002930 -0.085205 -0.092773 -0.097168 -0.104736 -0.103760 -0.109375 

