1.304957
3.936612
0.000000
0.000000
3.557118
1.428401
0.000000
0.000000
4.001171
0.000000
0.000000
0.000000
5.754916
4.909608
0.000000
1.150813
2.095701
0.000000
0.000000
0.000000
0.610672
2.435475
0.000000
0.000000
1.183177
0.000000
1.395986
0.000000
0.000000
0.000000
0.000000
2.578745
0.912870
0.000000
0.000000
0.000000
0.000000
0.000000
0.091013
0.000000
0.000000
5.171035
4.898751
0.000000
0.442332
3.385938
3.937771
0.000000
3.333804
0.000000
2.828256
0.496882
0.000000
1.318763
2.488563
0.000000
0.000000
0.000000
0.000000
0.000000
4.061134
0.164267
0.000000
7.494570
0.000000
0.000000
2.227320
3.362021
0.000000
0.000000
0.000000
0.000000
2.346508
0.000000
0.000000
3.000262
0.000000
0.000000
0.000000
0.000000
0.000000
0.000000
2.871616
1.918107
0.000000
0.000000
0.000000
0.000000
0.000000
7.492974
2.385550
6.129506
1.039489
3.820071
0.000000
1.893913
0.000000
0.000000
0.000000
0.000000
0.000000
0.000000
0.000000
0.000000
5.444589
0.000000
0.472619
0.000000
0.000000
0.000000
1.265210
0.000000
2.511129
0.000000
0.838333
0.000000
0.741137
3.933266
2.512884
0.000000
