3.169183
0.000000
0.000000
7.886191
0.590488
2.758599
0.000000
0.000000
0.000000
0.923484
0.000000
0.000000
0.000000
0.000000
7.393843
0.000000
5.520213
8.667382
0.000000
2.880245
0.000000
3.716985
4.047922
7.346780
0.000000
0.000000
5.474232
6.292459
0.000000
1.156641
0.000000
3.535175
0.000000
0.000000
4.910082
0.603406
0.000000
2.596662
0.000000
8.379758
2.799094
6.200002
7.132094
0.000000
0.000000
0.000000
0.000000
7.870119
0.000000
0.000000
7.316292
0.616669
0.173333
0.000000
5.382281
7.070679
0.000000
0.000000
0.000000
1.220405
4.121104
0.000000
0.000000
5.752792
0.000000
0.000000
0.000000
0.000000
0.000000
3.570090
0.000000
3.544027
0.000000
0.000000
0.000000
4.762733
0.000000
8.510695
0.000000
0.525802
4.594187
0.000000
4.799591
0.000000
