0.189375
0.000000
0.000000
0.000000
0.165957
0.152254
0.000000
0.000000
0.267890
0.549484
0.000000
0.000000
0.000000
0.533288
0.111035
0.000000
0.821197
0.000000
0.935554
0.000000
0.000000
2.070729
0.857443
0.000000
0.020508
0.353300
0.000000
0.672137
0.714023
0.879708
0.000000
0.000000
1.252319
1.058089
0.265673
0.333918
0.936639
2.465930
0.779476
0.065644
0.058781
0.000000
0.011244
0.000000
2.520459
1.156527
0.000000
0.000000
1.313159
1.688741
0.000000
0.000000
1.996996
2.081671
0.000000
0.272580
0.000000
0.000000
0.764203
0.000000
1.635283
0.559356
1.826885
0.115542
0.431713
1.074913
0.000000
0.000000
1.294379
1.219413
0.000000
0.000000
0.210852
0.000000
0.529774
0.000000
1.084332
0.440972
1.304612
0.585526
0.292840
0.000000
0.338944
0.000000
0.000000
0.089218
0.000000
0.000000
0.423577
0.000000
0.042736
0.684364
0.000000
0.072816
0.000000
0.000000
0.000000
0.188795
1.844061
0.800965
1.062410
2.058049
1.563539
0.417228
0.429953
0.000000
0.000000
2.352223
1.654380
0.043891
1.547443
1.955900
0.146398
0.734186
0.000000
2.324821
1.893012
1.854007
1.167795
0.979476
0.000000
0.000000
1.168326
0.000000
0.845641
0.000000
4.083029
0.525984
0.425725
1.040491
0.000000
2.440942
1.057699
0.752863
0.000000
0.880766
0.000000
0.000000
0.000000
0.000000
0.000000
0.000000
3.654771
0.000000
0.456162
0.475186
0.000000
1.502495
0.000000
0.000000
0.000000
0.089771
0.000000
0.500708
0.000000
0.000000
0.096748
0.000000
1.944940
0.000000
0.569170
0.000000
1.224793
0.000000
0.000000
0.000000
0.000000
0.169822
0.792262
0.000000
0.000000
0.181942
0.170676
0.276324
1.219654
0.000000
0.000000
1.523814
2.114153
0.000000
0.851777
1.206697
1.444965
0.498989
0.919044
0.000000
0.071988
2.465043
0.770609
1.730346
2.448976
0.949723
0.000000
1.793877
0.000000
0.000000
2.160585
2.151671
1.609881
1.196455
0.000000
0.000000
0.581177
0.691633
0.669859
2.771830
3.111136
0.000000
0.153974
0.539603
0.000000
0.116062
1.195399
2.562629
0.508872
0.909218
0.000000
0.000000
0.000000
1.087530
0.091895
1.075813
1.021108
0.225094
0.587007
0.333358
0.000000
0.000000
0.234073
0.537765
1.056978
0.000000
0.000000
0.000000
0.000000
0.000000
0.000000
0.000000
0.000000
0.111828
0.170015
0.000000
0.671770
0.000000
0.009089
1.212019
0.000000
0.000000
0.179163
1.456197
0.193968
0.256287
0.175019
0.016523
2.106484
0.153249
0.000000
0.174761
0.897460
1.266229
0.000000
1.480366
0.161337
0.589395
0.000000
0.844021
0.000000
0.522280
0.000000
0.000000
1.969305
0.685485
1.528391
0.000000
0.000000
2.111840
0.000000
0.265541
0.000000
0.746679
0.000000
0.262008
0.000000
0.000000
0.000000
0.000000
2.211562
0.000000
1.014229
0.000000
1.090415
1.531398
0.000000
0.000000
0.000000
1.008385
0.000000
0.000000
0.000000
0.934247
0.224986
0.000000
0.509868
0.299417
0.874812
0.000000
0.250622
0.707875
0.000000
0.000000
0.545334
0.000000
0.402431
0.302081
0.823339
0.000000
0.297975
0.103258
0.000000
0.163584
0.093219
0.000000
0.000000
0.000000
0.461257
0.279259
0.000000
0.065307
0.447346
0.000000
0.000000
0.125260
0.177113
0.964615
0.174626
0.000000
0.159998
1.186443
0.692598
0.000000
0.977142
3.006058
1.190382
0.573583
0.158809
0.000000
0.000000
2.278862
0.399279
2.039662
0.000000
0.000000
1.839769
1.182184
0.000000
0.000000
0.537538
3.169930
0.517879
0.271530
0.000000
0.000000
0.000000
1.307596
1.171461
2.517327
0.000000
0.000000
1.388807
1.743561
0.663823
0.351875
0.308716
1.231075
0.000000
0.000000
0.722073
0.000000
1.267155
0.077260
1.064669
0.000000
0.291171
1.802661
0.489429
0.745188
0.000000
0.000000
0.039611
0.357614
0.032413
0.162453
0.000000
1.138689
0.730037
0.000000
0.006560
0.000000
0.424014
0.885455
