0.189375 0.821197 1.252319 1.313159 0.431713 
0.292840 0.000000 0.146398 0.425725 0.456162 
0.569170 0.000000 0.000000 0.153974 0.587007 
0.170015 0.000000 1.528391 1.014229 0.874812 
0.093219 0.159998 1.839769 1.388807 0.489429 

0.000000 0.000000 1.058089 1.688741 1.074913 
0.000000 0.188795 0.734186 1.040491 0.475186 
0.000000 1.523814 1.793877 0.539603 0.333358 
0.000000 0.174761 0.000000 0.000000 0.000000 
0.000000 1.186443 1.182184 1.743561 0.745188 

0.000000 0.935554 0.265673 0.000000 0.000000 
0.338944 1.844061 0.000000 0.000000 0.000000 
1.224793 2.114153 0.000000 0.000000 0.000000 
0.671770 0.897460 0.000000 1.090415 0.250622 
0.000000 0.692598 0.000000 0.663823 0.000000 

0.000000 0.000000 0.333918 0.000000 0.000000 
0.000000 0.800965 2.324821 2.440942 1.502495 
0.000000 0.000000 0.000000 0.116062 0.000000 
0.000000 1.266229 2.111840 1.531398 0.707875 
0.000000 0.000000 0.000000 0.351875 0.000000 

0.165957 0.000000 0.936639 1.996996 1.294379 
0.000000 1.062410 1.893012 1.057699 0.000000 
0.000000 0.851777 2.160585 1.195399 0.234073 
0.009089 0.000000 0.000000 0.000000 0.000000 
0.461257 0.977142 0.537538 0.308716 0.039611 

0.152254 2.070729 2.465930 2.081671 1.219413 
0.089218 2.058049 1.854007 0.752863 0.000000 
0.000000 1.206697 2.151671 2.562629 0.537765 
1.212019 1.480366 0.265541 0.000000 0.000000 
0.279259 3.006058 3.169930 1.231075 0.357614 

0.000000 0.857443 0.779476 0.000000 0.000000 
0.000000 1.563539 1.167795 0.000000 0.000000 
0.000000 1.444965 1.609881 0.508872 1.056978 
0.000000 0.161337 0.000000 0.000000 0.545334 
0.000000 1.190382 0.517879 0.000000 0.032413 

0.000000 0.000000 0.065644 0.272580 0.000000 
0.000000 0.417228 0.979476 0.880766 0.089771 
0.169822 0.498989 1.196455 0.909218 0.000000 
0.000000 0.589395 0.746679 1.008385 0.000000 
0.065307 0.573583 0.271530 0.000000 0.162453 

0.267890 0.020508 0.058781 0.000000 0.210852 
0.423577 0.429953 0.000000 0.000000 0.000000 
0.792262 0.919044 0.000000 0.000000 0.000000 
0.179163 0.000000 0.000000 0.000000 0.402431 
0.447346 0.158809 0.000000 0.722073 0.000000 

0.549484 0.353300 0.000000 0.000000 0.000000 
0.000000 0.000000 0.000000 0.000000 0.500708 
0.000000 0.000000 0.000000 0.000000 0.000000 
1.456197 0.844021 0.262008 0.000000 0.302081 
0.000000 0.000000 0.000000 0.000000 1.138689 

0.000000 0.000000 0.011244 0.764203 0.529774 
0.042736 0.000000 1.168326 0.000000 0.000000 
0.000000 0.071988 0.581177 0.000000 0.000000 
0.193968 0.000000 0.000000 0.000000 0.823339 
0.000000 0.000000 0.000000 1.267155 0.730037 

0.000000 0.672137 0.000000 0.000000 0.000000 
0.684364 2.352223 0.000000 0.000000 0.000000 
0.181942 2.465043 0.691633 1.087530 0.000000 
0.256287 0.522280 0.000000 0.934247 0.000000 
0.125260 2.278862 1.307596 0.077260 0.000000 

0.000000 0.714023 2.520459 1.635283 1.084332 
0.000000 1.654380 0.845641 0.000000 0.096748 
0.170676 0.770609 0.669859 0.091895 0.000000 
0.175019 0.000000 0.000000 0.224986 0.297975 
0.177113 0.399279 1.171461 1.064669 0.006560 

0.533288 0.879708 1.156527 0.559356 0.440972 
0.072816 0.043891 0.000000 0.000000 0.000000 
0.276324 1.730346 2.771830 1.075813 0.000000 
0.016523 0.000000 0.000000 0.000000 0.103258 
0.964615 2.039662 2.517327 0.000000 0.000000 

0.111035 0.000000 0.000000 1.826885 1.304612 
0.000000 1.547443 4.083029 3.654771 1.944940 
1.219654 2.448976 3.111136 1.021108 0.000000 
2.106484 1.969305 2.211562 0.509868 0.000000 
0.174626 0.000000 0.000000 0.291171 0.424014 

0.000000 0.000000 0.000000 0.115542 0.585526 
0.000000 1.955900 0.525984 0.000000 0.000000 
0.000000 0.949723 0.000000 0.225094 0.111828 
0.153249 0.685485 0.000000 0.299417 0.163584 
0.000000 0.000000 0.000000 1.802661 0.885455 

