0.0003 0.0003 0.0003 0.0003 0.0003 0.0003 0.0000 0.0000 0.0000 0.0003 0.0000 0.0000 0.0000 0.0000 0.0000 0.0000 0.0000 0.0000 0.0000 0.0019 0.0000 0.0000 0.0019 0.0114 0.0040 0.0003 0.0003 0.0003 
0.0003 0.0003 0.0003 0.0003 0.0003 0.0003 0.0000 0.0000 0.0000 0.0000 0.0000 0.0000 0.0000 0.0000 0.0000 0.0009 0.0081 0.0000 0.0047 0.0088 0.0161 0.0000 0.0009 0.0119 0.0181 0.0000 0.0003 0.0003 
0.0003 0.0003 0.0003 0.0003 0.0003 0.0003 0.0000 0.0000 0.0000 0.0000 0.0033 0.0077 0.0038 0.0000 0.0040 0.0000 0.0056 0.0079 0.0023 0.0040 0.0077 0.0140 0.0039 0.0097 0.0184 0.0032 0.0003 0.0003 
0.0003 0.0003 0.0003 0.0003 0.0003 0.0003 0.0000 0.0000 0.0000 0.0042 0.0067 0.0084 0.0102 0.0000 0.0000 0.0000 0.0000 0.0000 0.0000 0.0000 0.0000 0.0065 0.0000 0.0082 0.0169 0.0136 0.0003 0.0003 
0.0003 0.0003 0.0003 0.0003 0.0003 0.0003 0.0000 0.0000 0.0000 0.0000 0.0000 0.0000 0.0000 0.0000 0.0000 0.0000 0.0000 0.0000 0.0000 0.0000 0.1254 0.2053 0.0651 0.0153 0.0137 0.0091 0.0003 0.0003 
0.0003 0.0003 0.0003 0.0003 0.0003 0.0003 0.0000 0.0000 0.0000 0.0000 0.0000 0.0000 0.0000 0.0000 0.0000 0.0000 0.0000 0.0000 0.0000 0.0308 0.5618 0.6757 0.3865 0.0336 0.0124 0.0038 0.0003 0.0003 
0.0003 0.0003 0.0003 0.0003 0.0003 0.0003 0.0000 0.0000 0.0000 0.0000 0.0000 0.0000 0.0000 0.0000 0.0000 0.0000 0.0000 0.2863 0.6542 0.9925 1.0609 0.8610 0.5115 0.0601 0.0134 0.0031 0.0003 0.0003 
0.0003 0.0003 0.0003 0.0003 0.0003 0.0003 0.0000 0.0000 0.0000 0.0000 0.0000 0.0000 0.1805 0.4663 0.6094 0.8305 0.9842 1.1803 1.3314 1.5256 1.1796 0.7851 0.3897 0.0344 0.0120 0.0173 0.0003 0.0003 
0.0003 0.0003 0.0003 0.0003 0.0003 0.0003 0.0000 0.0000 0.0000 0.0000 0.0000 0.6775 1.2327 1.2723 1.2513 1.3075 1.3888 1.3507 1.1743 1.0496 0.6256 0.3733 0.1998 0.0362 0.0125 0.0157 0.0003 0.0003 
0.0003 0.0003 0.0003 0.0003 0.0003 0.0003 0.0000 0.0000 0.0000 0.0000 0.3022 1.1817 1.5858 1.3088 1.0589 0.9373 0.8544 0.6797 0.5314 0.3568 0.1961 0.0771 0.0511 0.0231 0.0274 0.0118 0.0003 0.0003 
0.0003 0.0003 0.0003 0.0003 0.0003 0.0003 0.0000 0.0000 0.0000 0.0000 0.5242 1.1727 1.0729 0.5300 0.0994 0.1971 0.2502 0.1720 0.0733 0.0237 0.0323 0.0102 0.0152 0.0128 0.0227 0.0118 0.0003 0.0003 
0.0003 0.0003 0.0003 0.0003 0.0003 0.0003 0.0000 0.0000 0.0000 0.0000 0.5039 0.7070 0.2569 0.0000 0.0000 0.0000 0.0000 0.2762 0.1202 0.0000 0.0000 0.0279 0.0243 0.0292 0.0191 0.0107 0.0003 0.0003 
0.0003 0.0003 0.0003 0.0003 0.0003 0.0003 0.0000 0.0000 0.0000 0.0000 0.1833 0.4197 0.1258 0.0000 0.0000 0.0000 0.0000 0.5191 0.5964 0.2982 0.0360 0.0029 0.0134 0.0290 0.0232 0.0121 0.0003 0.0003 
0.0003 0.0003 0.0003 0.0003 0.0003 0.0003 0.0000 0.0000 0.0000 0.0000 0.1301 0.5141 0.5589 0.5927 0.7130 0.5507 0.3493 0.5392 0.8981 0.6314 0.2435 0.0000 0.0347 0.0246 0.0153 0.0116 0.0003 0.0003 
0.0003 0.0003 0.0003 0.0003 0.0003 0.0003 0.0000 0.0000 0.0000 0.0319 0.4286 1.1428 1.2394 1.2376 1.3422 1.2111 0.5676 0.3709 0.7637 0.9048 0.5212 0.0213 0.0149 0.0433 0.0119 0.0071 0.0003 0.0003 
0.0003 0.0003 0.0003 0.0003 0.0003 0.0003 0.0000 0.0000 0.1358 0.3292 0.6275 1.1068 1.2817 1.2182 0.9950 0.8158 0.4730 0.1220 0.1609 0.7539 0.8211 0.3268 0.0140 0.0259 0.0100 0.0056 0.0003 0.0003 
0.0003 0.0003 0.0003 0.0003 0.0003 0.0003 0.0000 0.0000 0.0468 0.2831 0.5062 0.6306 0.6760 0.5599 0.3522 0.2410 0.0983 0.0000 0.0000 0.4785 0.9114 0.6482 0.1157 0.0221 0.0140 0.0014 0.0003 0.0003 
0.0003 0.0003 0.0003 0.0003 0.0003 0.0003 0.0000 0.0000 0.0000 0.1075 0.1309 0.1534 0.1760 0.0939 0.0374 0.0000 0.0000 0.0000 0.0000 0.3268 0.9234 0.8836 0.2863 0.0184 0.0172 0.0023 0.0003 0.0003 
0.0003 0.0003 0.0003 0.0003 0.0003 0.0003 0.0000 0.0000 0.0000 0.0000 0.0000 0.0000 0.0000 0.0000 0.0118 0.0000 0.0000 0.0000 0.0000 0.3871 0.9647 1.0111 0.4106 0.0230 0.0259 0.0047 0.0003 0.0003 
0.0003 0.0003 0.0003 0.0003 0.0003 0.0003 0.0000 0.0000 0.0000 0.0000 0.0000 0.0000 0.1219 0.0713 0.0089 0.0000 0.0000 0.0000 0.0000 0.6935 1.0507 0.9335 0.4432 0.0426 0.0210 0.0043 0.0003 0.0003 
0.0003 0.0003 0.0003 0.0003 0.0003 0.0003 0.0000 0.0000 0.0000 0.0000 0.0000 0.0299 0.4239 0.2663 0.0000 0.0000 0.0000 0.0000 0.0906 0.9475 1.2483 0.8203 0.2473 0.0306 0.0292 0.0050 0.0003 0.0003 
0.0003 0.0003 0.0003 0.0003 0.0003 0.0003 0.0000 0.0000 0.0000 0.0000 0.0000 0.2195 0.5317 0.2868 0.0000 0.0000 0.0000 0.0000 0.5076 1.1595 1.1989 0.7070 0.1240 0.0250 0.0209 0.0042 0.0003 0.0003 
0.0003 0.0003 0.0003 0.0003 0.0003 0.0003 0.0000 0.0000 0.0000 0.0000 0.0000 0.3705 0.4075 0.1511 0.0000 0.0000 0.0000 0.3927 1.1746 1.2809 1.0685 0.5534 0.0182 0.0168 0.0275 0.0090 0.0003 0.0003 
0.0003 0.0003 0.0003 0.0003 0.0003 0.0003 0.0000 0.0000 0.0000 0.0000 0.0762 0.5098 0.6169 0.4350 0.2341 0.3353 0.7993 1.2637 1.5712 1.2230 0.7985 0.3452 0.0207 0.0145 0.0140 0.0068 0.0003 0.0003 
0.0003 0.0003 0.0003 0.0003 0.0003 0.0003 0.0000 0.0000 0.0263 0.2694 0.5196 0.7664 0.9666 1.0540 1.0351 1.1038 1.2735 1.4857 1.3737 0.8035 0.4235 0.1556 0.0127 0.0102 0.0102 0.0064 0.0003 0.0003 
0.0003 0.0003 0.0003 0.0003 0.0003 0.0003 0.0000 0.0000 0.0000 0.1597 0.3839 0.6300 0.8945 0.9995 1.0565 1.1085 1.0768 0.9050 0.6255 0.3326 0.1387 0.0335 0.0108 0.0038 0.0018 0.0024 0.0003 0.0003 
0.0003 0.0003 0.0003 0.0003 0.0003 0.0003 0.0000 0.0000 0.0000 0.0172 0.1146 0.2161 0.3164 0.3951 0.4193 0.4596 0.4139 0.3072 0.2074 0.0759 0.0072 0.0000 0.0117 0.0068 0.0045 0.0013 0.0003 0.0003 
0.0003 0.0003 0.0003 0.0003 0.0003 0.0003 0.0000 0.0071 0.0000 0.0071 0.0179 0.0179 0.0163 0.0131 0.0128 0.0141 0.0000 0.0140 0.0315 0.0221 0.0018 0.0012 0.0102 0.0142 0.0055 0.0003 0.0003 0.0003 

0.0754 0.0754 0.0754 0.0754 0.0754 0.0754 0.0731 0.0790 0.0838 0.0865 0.0857 0.0909 0.0904 0.0889 0.0910 0.0904 0.0864 0.0872 0.0911 0.0878 0.1002 0.0910 0.0932 0.0820 0.0824 0.0754 0.0754 0.0754 
0.0754 0.0754 0.0754 0.0754 0.0754 0.0754 0.0724 0.0768 0.0796 0.0832 0.0873 0.0879 0.0831 0.0885 0.0862 0.0858 0.0743 0.0793 0.0732 0.0724 0.0667 0.0923 0.0864 0.0871 0.0757 0.0860 0.0754 0.0754 
0.0754 0.0754 0.0754 0.0754 0.0754 0.0754 0.0796 0.0838 0.0789 0.0769 0.0822 0.0781 0.0762 0.0808 0.0857 0.0922 0.0764 0.0884 0.0675 0.0817 0.0761 0.0713 0.0762 0.0733 0.0863 0.0809 0.0754 0.0754 
0.0754 0.0754 0.0754 0.0754 0.0754 0.0754 0.0892 0.0861 0.0816 0.0745 0.0874 0.0795 0.0689 0.0887 0.1173 0.2088 0.3653 0.5241 0.6555 0.5847 0.4976 0.3226 0.2844 0.0900 0.0742 0.0755 0.0754 0.0754 
0.0754 0.0754 0.0754 0.0754 0.0754 0.0754 0.0770 0.0739 0.1230 0.2534 0.4048 0.4995 0.6044 0.7251 0.8437 0.9643 1.2239 1.3934 1.5370 1.2492 0.9483 0.5603 0.4074 0.1057 0.0653 0.0758 0.0754 0.0754 
0.0754 0.0754 0.0754 0.0754 0.0754 0.0754 0.0667 0.0694 0.2330 0.5582 0.9212 1.1611 1.3996 1.5818 1.6131 1.5845 1.5573 1.4942 1.3841 1.1408 0.8103 0.4808 0.2783 0.0846 0.0735 0.0824 0.0754 0.0754 
0.0754 0.0754 0.0754 0.0754 0.0754 0.0754 0.0682 0.1109 0.3525 0.7170 1.0436 1.2521 1.5334 1.5739 1.4556 1.2108 0.7891 0.2939 0.0000 0.0000 0.0000 0.0128 0.1100 0.0925 0.0761 0.0867 0.0754 0.0754 
0.0754 0.0754 0.0754 0.0754 0.0754 0.0754 0.0768 0.2227 0.5225 0.6656 0.5608 0.3799 0.2757 0.1174 0.0000 0.0000 0.0000 0.0000 0.0000 0.0000 0.0000 0.0000 0.0000 0.0776 0.0896 0.0780 0.0754 0.0754 
0.0754 0.0754 0.0754 0.0754 0.0754 0.0754 0.0816 0.3236 0.5054 0.5289 0.0000 0.0000 0.0000 0.0000 0.0000 0.0000 0.0000 0.0000 0.0000 0.0000 0.0000 0.0000 0.0000 0.0507 0.0734 0.0827 0.0754 0.0754 
0.0754 0.0754 0.0754 0.0754 0.0754 0.0754 0.0876 0.3068 0.4185 0.2707 0.0000 0.0000 0.0000 0.0000 0.0000 0.0000 0.0000 0.0000 0.0000 0.0000 0.0000 0.0240 0.0423 0.0719 0.0725 0.0763 0.0754 0.0754 
0.0754 0.0754 0.0754 0.0754 0.0754 0.0754 0.1076 0.2728 0.2938 0.0362 0.0000 0.0000 0.0856 0.1916 0.2791 0.3587 0.3066 0.2412 0.2430 0.1465 0.0705 0.0842 0.0679 0.0810 0.0854 0.0778 0.0754 0.0754 
0.0754 0.0754 0.0754 0.0754 0.0754 0.0754 0.0923 0.2420 0.2346 0.0644 0.0572 0.6417 1.1636 1.4116 1.5974 1.5302 1.3171 0.9500 0.5969 0.3678 0.2475 0.0722 0.0654 0.0731 0.0699 0.0830 0.0754 0.0754 
0.0754 0.0754 0.0754 0.0754 0.0754 0.0754 0.0752 0.1199 0.1058 0.1202 0.2613 0.8640 1.3052 1.3269 1.3061 1.3840 1.4091 1.0800 0.7451 0.4765 0.3285 0.0836 0.0685 0.0866 0.0738 0.0750 0.0754 0.0754 
0.0754 0.0754 0.0754 0.0754 0.0754 0.0754 0.0461 0.0000 0.0000 0.0000 0.0000 0.0926 0.1796 0.0000 0.0000 0.0000 0.1658 0.5724 0.6954 0.5538 0.3886 0.2282 0.0579 0.0691 0.0749 0.0755 0.0754 0.0754 
0.0754 0.0754 0.0754 0.0754 0.0754 0.0754 0.0561 0.0000 0.0000 0.0000 0.0000 0.0000 0.0000 0.0000 0.0000 0.0000 0.0000 0.0000 0.2749 0.4812 0.5060 0.3853 0.1412 0.0583 0.0765 0.0751 0.0754 0.0754 
0.0754 0.0754 0.0754 0.0754 0.0754 0.0754 0.0686 0.0000 0.0000 0.0000 0.0000 0.0000 0.0000 0.0000 0.0000 0.0000 0.0000 0.0000 0.0200 0.4701 0.5132 0.4411 0.2542 0.0726 0.0802 0.0724 0.0754 0.0754 
0.0754 0.0754 0.0754 0.0754 0.0754 0.0754 0.0774 0.0000 0.0000 0.0000 0.0000 0.0000 0.0000 0.0000 0.0000 0.0000 0.0000 0.0000 0.0000 0.1861 0.3632 0.5224 0.3253 0.0689 0.0877 0.0793 0.0754 0.0754 
0.0754 0.0754 0.0754 0.0754 0.0754 0.0754 0.0781 0.0574 0.0131 0.0000 0.0000 0.0000 0.0000 0.0000 0.0650 0.0268 0.0000 0.0000 0.0000 0.0000 0.2508 0.3953 0.3264 0.0874 0.0847 0.0764 0.0754 0.0754 
0.0754 0.0754 0.0754 0.0754 0.0754 0.0754 0.0804 0.0933 0.2103 0.3458 0.3986 0.3332 0.3164 0.2884 0.1491 0.1230 0.2551 0.2326 0.0000 0.0000 0.0002 0.2573 0.1540 0.0871 0.0854 0.0783 0.0754 0.0754 
0.0754 0.0754 0.0754 0.0754 0.0754 0.0754 0.0719 0.2078 0.5363 0.8675 0.8876 0.8127 0.6154 0.4362 0.2584 0.2399 0.4772 0.4849 0.0460 0.0000 0.0000 0.1356 0.0097 0.0612 0.0808 0.0770 0.0754 0.0754 
0.0754 0.0754 0.0754 0.0754 0.0754 0.0754 0.0718 0.3303 0.6395 1.0290 1.1101 1.1529 0.9422 0.7232 0.6625 0.7685 0.8232 0.7019 0.2302 0.0000 0.0000 0.0577 0.0000 0.0779 0.0780 0.0792 0.0754 0.0754 
0.0754 0.0754 0.0754 0.0754 0.0754 0.0754 0.0822 0.2322 0.4135 0.6103 0.7167 0.8746 1.1460 1.2622 1.3379 1.3561 1.1823 0.7118 0.1092 0.0000 0.0000 0.0401 0.0000 0.0621 0.0806 0.0795 0.0754 0.0754 
0.0754 0.0754 0.0754 0.0754 0.0754 0.0754 0.0908 0.0000 0.0000 0.0000 0.0000 0.3610 0.9716 1.4212 1.5524 1.3798 0.8337 0.1313 0.0000 0.0000 0.0000 0.0000 0.0497 0.0746 0.0689 0.0764 0.0754 0.0754 
0.0754 0.0754 0.0754 0.0754 0.0754 0.0754 0.0769 0.0000 0.0000 0.0000 0.0000 0.0000 0.0000 0.1923 0.3090 0.0000 0.0000 0.0000 0.0000 0.0000 0.0000 0.0000 0.0539 0.0585 0.0711 0.0766 0.0754 0.0754 
0.0754 0.0754 0.0754 0.0754 0.0754 0.0754 0.0808 0.0000 0.0000 0.0000 0.0000 0.0000 0.0000 0.0000 0.0000 0.0000 0.0000 0.0000 0.0000 0.0000 0.0000 0.0000 0.0612 0.0636 0.0700 0.0724 0.0754 0.0754 
0.0754 0.0754 0.0754 0.0754 0.0754 0.0754 0.0683 0.0397 0.0000 0.0000 0.0000 0.0000 0.0000 0.0000 0.0000 0.0000 0.0000 0.0000 0.0000 0.0000 0.0000 0.0511 0.0752 0.0797 0.0772 0.0750 0.0754 0.0754 
0.0754 0.0754 0.0754 0.0754 0.0754 0.0754 0.0752 0.0656 0.0336 0.0000 0.0000 0.0000 0.0000 0.0000 0.0000 0.0000 0.0000 0.0000 0.0000 0.0107 0.0634 0.0807 0.0808 0.0789 0.0765 0.0744 0.0754 0.0754 
0.0754 0.0754 0.0754 0.0754 0.0754 0.0754 0.0667 0.0676 0.0562 0.0730 0.0643 0.0625 0.0533 0.0511 0.0467 0.0549 0.0549 0.0725 0.0669 0.0651 0.0663 0.0703 0.0718 0.0743 0.0755 0.0754 0.0754 0.0754 

0.0000 0.0000 0.0000 0.0000 0.0000 0.0000 0.0000 0.0000 0.0000 0.0000 0.0000 0.0000 0.0000 0.0000 0.0000 0.0000 0.0000 0.0000 0.0000 0.0009 0.0024 0.0000 0.0000 0.0000 0.0062 0.0000 0.0000 0.0000 
0.0000 0.0000 0.0000 0.0000 0.0000 0.0000 0.0000 0.0000 0.0000 0.0000 0.0000 0.0000 0.0039 0.0000 0.0024 0.0000 0.0000 0.0000 0.0001 0.0000 0.0000 0.0000 0.0157 0.0000 0.0000 0.0000 0.0000 0.0000 
0.0000 0.0000 0.0000 0.0000 0.0000 0.0000 0.0000 0.0000 0.0000 0.0000 0.0000 0.0000 0.0000 0.0000 0.0000 0.0000 0.0078 0.0000 0.0000 0.0038 0.0000 0.0000 0.0000 0.0000 0.0000 0.0032 0.0000 0.0000 
0.0000 0.0000 0.0000 0.0000 0.0000 0.0000 0.0000 0.0039 0.0000 0.0000 0.0000 0.0000 0.0000 0.0000 0.0000 0.0000 0.0000 0.0000 0.0000 0.0000 0.0000 0.0000 0.0000 0.0000 0.0011 0.0000 0.0000 0.0000 
0.0000 0.0000 0.0000 0.0000 0.0000 0.0000 0.0000 0.0000 0.0000 0.0000 0.0000 0.0000 0.0000 0.0000 0.0000 0.0000 0.0000 0.0000 0.0000 0.0364 0.0000 0.0000 0.0000 0.0000 0.0000 0.0000 0.0000 0.0000 
0.0000 0.0000 0.0000 0.0000 0.0000 0.0000 0.0004 0.0000 0.0000 0.0000 0.0647 0.0758 0.0240 0.0113 0.0158 0.0322 0.1064 0.1516 0.3373 0.3513 0.4098 0.1598 0.1397 0.0204 0.0000 0.0000 0.0000 0.0000 
0.0000 0.0000 0.0000 0.0000 0.0000 0.0000 0.0018 0.0000 0.0000 0.0405 0.0853 0.1943 0.1443 0.2691 0.3671 0.4019 0.4776 0.3427 0.2409 0.0221 0.0930 0.0000 0.0000 0.0000 0.0000 0.0000 0.0000 0.0000 
0.0000 0.0000 0.0000 0.0000 0.0000 0.0000 0.0000 0.0000 0.0654 0.1413 0.2288 0.0777 0.1923 0.1655 0.3517 0.2964 0.2165 0.1629 0.0049 0.0000 0.0000 0.0000 0.0000 0.0000 0.0000 0.0000 0.0000 0.0000 
0.0000 0.0000 0.0000 0.0000 0.0000 0.0000 0.0000 0.0000 0.1742 0.2705 0.2932 0.0389 0.0206 0.0000 0.0155 0.0000 0.0000 0.0000 0.0000 0.0000 0.0000 0.0905 0.0000 0.0000 0.0000 0.0000 0.0000 0.0000 
0.0000 0.0000 0.0000 0.0000 0.0000 0.0000 0.0000 0.0000 0.2323 0.3071 0.1760 0.0776 0.0000 0.0000 0.0000 0.0000 0.0000 0.0000 0.0254 0.0570 0.0965 0.0256 0.0001 0.0000 0.0026 0.0000 0.0000 0.0000 
0.0000 0.0000 0.0000 0.0000 0.0000 0.0000 0.0000 0.0699 0.2330 0.1598 0.0000 0.0000 0.0000 0.0000 0.0000 0.0000 0.0000 0.0000 0.0000 0.0000 0.0000 0.0035 0.0000 0.0000 0.0000 0.0000 0.0000 0.0000 
0.0000 0.0000 0.0000 0.0000 0.0000 0.0000 0.0000 0.1375 0.1808 0.1022 0.0113 0.0065 0.0000 0.0000 0.0000 0.1107 0.1350 0.0000 0.0000 0.0000 0.0000 0.0041 0.0000 0.0065 0.0000 0.0000 0.0000 0.0000 
0.0000 0.0000 0.0000 0.0000 0.0000 0.0000 0.0161 0.1725 0.0989 0.0701 0.1310 0.1597 0.1484 0.3041 0.2908 0.2638 0.4530 0.4200 0.0540 0.0000 0.0000 0.0000 0.0000 0.0000 0.0000 0.0000 0.0000 0.0000 
0.0000 0.0000 0.0000 0.0000 0.0000 0.0000 0.0157 0.2656 0.0000 0.0640 0.2723 0.5238 0.3699 0.2984 0.2315 0.0000 0.1205 0.2713 0.2915 0.0000 0.0000 0.0000 0.0000 0.0068 0.0000 0.0000 0.0000 0.0000 
0.0000 0.0000 0.0000 0.0000 0.0000 0.0000 0.0198 0.2928 0.0000 0.0190 0.2781 0.1644 0.1053 0.1026 0.0334 0.0000 0.0000 0.0227 0.1389 0.0000 0.0000 0.0000 0.0000 0.0000 0.0000 0.0000 0.0000 0.0000 
0.0000 0.0000 0.0000 0.0000 0.0000 0.0000 0.0005 0.2664 0.0297 0.0000 0.0972 0.0000 0.0000 0.0000 0.0000 0.0080 0.0000 0.0000 0.2757 0.2809 0.0000 0.0000 0.0000 0.0000 0.0061 0.0000 0.0000 0.0000 
0.0000 0.0000 0.0000 0.0000 0.0000 0.0000 0.0000 0.1292 0.1152 0.0000 0.0000 0.0098 0.0000 0.0286 0.1506 0.2651 0.1223 0.0000 0.1384 0.2707 0.0000 0.0000 0.0000 0.0000 0.0000 0.0000 0.0000 0.0000 
0.0000 0.0000 0.0000 0.0000 0.0000 0.0000 0.0000 0.0174 0.0261 0.0000 0.0011 0.1070 0.0590 0.0293 0.0453 0.0515 0.1365 0.0159 0.0000 0.2281 0.0000 0.0000 0.0000 0.0000 0.0045 0.0000 0.0000 0.0000 
0.0000 0.0000 0.0000 0.0000 0.0000 0.0000 0.0000 0.0000 0.0000 0.0000 0.0000 0.0000 0.0000 0.0000 0.0000 0.0000 0.1014 0.1969 0.0000 0.0469 0.0902 0.0000 0.0584 0.0186 0.0000 0.0000 0.0000 0.0000 
0.0000 0.0000 0.0000 0.0000 0.0000 0.0000 0.0000 0.0000 0.0062 0.0295 0.1394 0.0000 0.0000 0.0000 0.0000 0.0000 0.0818 0.2163 0.1186 0.0000 0.0960 0.0000 0.0000 0.0000 0.0000 0.0000 0.0000 0.0000 
0.0000 0.0000 0.0000 0.0000 0.0000 0.0000 0.0000 0.0000 0.0344 0.0777 0.2452 0.2509 0.0141 0.0000 0.0000 0.0000 0.0332 0.1001 0.0000 0.0000 0.0000 0.0000 0.0000 0.0000 0.0000 0.0000 0.0000 0.0000 
0.0000 0.0000 0.0000 0.0000 0.0000 0.0000 0.0000 0.0000 0.0624 0.2774 0.1354 0.1902 0.0000 0.0000 0.0000 0.0000 0.1606 0.1408 0.0000 0.0936 0.0470 0.0995 0.0000 0.0000 0.0000 0.0000 0.0000 0.0000 
0.0000 0.0000 0.0000 0.0000 0.0000 0.0000 0.0000 0.1455 0.1021 0.1250 0.0728 0.1376 0.3205 0.1734 0.1044 0.3515 0.4545 0.1905 0.0000 0.1861 0.1304 0.0000 0.0034 0.0118 0.0000 0.0000 0.0000 0.0000 
0.0000 0.0000 0.0000 0.0000 0.0000 0.0000 0.0000 0.2314 0.0918 0.0000 0.0920 0.1318 0.3312 0.5144 0.6125 0.6583 0.4865 0.2363 0.0000 0.0403 0.0000 0.0000 0.0000 0.0000 0.0000 0.0000 0.0000 0.0000 
0.0000 0.0000 0.0000 0.0000 0.0000 0.0000 0.0079 0.1460 0.1570 0.0000 0.0000 0.0000 0.0000 0.0000 0.0000 0.0000 0.0000 0.0000 0.0000 0.0000 0.0078 0.0000 0.0000 0.0002 0.0000 0.0000 0.0000 0.0000 
0.0000 0.0000 0.0000 0.0000 0.0000 0.0000 0.0000 0.0359 0.1432 0.1014 0.0672 0.0549 0.0000 0.0000 0.0000 0.0000 0.0000 0.0000 0.0000 0.0426 0.0344 0.0000 0.0000 0.0000 0.0000 0.0000 0.0000 0.0000 
0.0000 0.0000 0.0000 0.0000 0.0000 0.0000 0.0061 0.0000 0.0217 0.0313 0.0344 0.0724 0.1434 0.1849 0.1949 0.1378 0.1462 0.1738 0.1037 0.0178 0.0000 0.0000 0.0000 0.0018 0.0000 0.0000 0.0000 0.0000 
0.0000 0.0000 0.0000 0.0000 0.0000 0.0000 0.0000 0.0000 0.0000 0.0100 0.0040 0.0000 0.0000 0.0000 0.0000 0.0000 0.0000 0.0101 0.0000 0.0000 0.0000 0.0020 0.0000 0.0000 0.0000 0.0000 0.0000 0.0000 

0.0000 0.0000 0.0000 0.0000 0.0000 0.0000 0.0000 0.0000 0.0000 0.0000 0.0000 0.0000 0.0000 0.0000 0.0000 0.0000 0.0000 0.0000 0.0000 0.0000 0.0000 0.0000 0.0000 0.0000 0.0000 0.0000 0.0000 0.0000 
0.0000 0.0000 0.0000 0.0000 0.0000 0.0000 0.0000 0.0000 0.0000 0.0000 0.0000 0.0000 0.0000 0.0000 0.0000 0.0000 0.0000 0.0000 0.0000 0.0000 0.0000 0.0000 0.0000 0.0000 0.0000 0.0000 0.0000 0.0000 
0.0000 0.0000 0.0000 0.0000 0.0000 0.0000 0.0000 0.0000 0.0000 0.0000 0.0000 0.0000 0.0000 0.0000 0.0000 0.0000 0.0000 0.0000 0.0000 0.0000 0.0000 0.0000 0.0000 0.0000 0.0000 0.0000 0.0000 0.0000 
0.0000 0.0000 0.0000 0.0000 0.0000 0.0000 0.0000 0.0000 0.0000 0.0000 0.0000 0.0000 0.0000 0.0000 0.0000 0.0000 0.0000 0.0000 0.0000 0.0000 0.0000 0.0000 0.0000 0.0000 0.0000 0.0000 0.0000 0.0000 
0.0000 0.0000 0.0000 0.0000 0.0000 0.0000 0.0000 0.0000 0.0000 0.0000 0.0000 0.0000 0.0000 0.0000 0.0000 0.0000 0.0000 0.0000 0.0000 0.0000 0.0000 0.0000 0.0000 0.0000 0.0000 0.0000 0.0000 0.0000 
0.0000 0.0000 0.0000 0.0000 0.0000 0.0000 0.0000 0.0000 0.0000 0.0455 0.0856 0.0000 0.0000 0.0000 0.0000 0.0000 0.0000 0.0000 0.0060 0.1981 0.1717 0.0000 0.0000 0.0000 0.0000 0.0000 0.0000 0.0000 
0.0000 0.0000 0.0000 0.0000 0.0000 0.0000 0.0000 0.0000 0.0000 0.0993 0.1969 0.2657 0.1245 0.0576 0.0794 0.1411 0.2382 0.5001 0.7510 1.0015 0.9691 0.6616 0.1499 0.0000 0.0000 0.0000 0.0000 0.0000 
0.0000 0.0000 0.0000 0.0000 0.0000 0.0000 0.0000 0.0000 0.0288 0.1044 0.2639 0.3414 0.5554 0.9037 1.1296 1.0991 0.8622 0.6227 0.4185 0.3668 0.3549 0.3715 0.1430 0.0000 0.0000 0.0000 0.0000 0.0000 
0.0000 0.0000 0.0000 0.0000 0.0000 0.0000 0.0000 0.0000 0.0429 0.1397 0.1408 0.0000 0.0000 0.1800 0.4275 0.3420 0.2197 0.0178 0.0000 0.0000 0.0000 0.0000 0.0000 0.0000 0.0000 0.0000 0.0000 0.0000 
0.0000 0.0000 0.0000 0.0000 0.0000 0.0000 0.0000 0.0000 0.0421 0.1650 0.0832 0.0000 0.0000 0.0000 0.0000 0.0000 0.0000 0.0000 0.0000 0.0000 0.0000 0.0000 0.0000 0.0000 0.0000 0.0000 0.0000 0.0000 
0.0000 0.0000 0.0000 0.0000 0.0000 0.0000 0.0000 0.0000 0.0388 0.1095 0.1231 0.0000 0.0000 0.0000 0.0000 0.0000 0.0000 0.0000 0.0000 0.0000 0.0000 0.0000 0.0000 0.0000 0.0000 0.0000 0.0000 0.0000 
0.0000 0.0000 0.0000 0.0000 0.0000 0.0000 0.0000 0.0000 0.0000 0.1106 0.2930 0.0000 0.0000 0.0000 0.0000 0.0000 0.0000 0.0000 0.0000 0.0000 0.0000 0.0000 0.0000 0.0000 0.0000 0.0000 0.0000 0.0000 
0.0000 0.0000 0.0000 0.0000 0.0000 0.0000 0.0000 0.0000 0.0000 0.2570 0.5315 0.2273 0.0969 0.0234 0.1344 0.3330 0.4742 0.2161 0.0000 0.0000 0.0000 0.0000 0.0000 0.0000 0.0000 0.0000 0.0000 0.0000 
0.0000 0.0000 0.0000 0.0000 0.0000 0.0000 0.0000 0.0000 0.0000 0.2533 0.8051 0.8183 0.7207 0.7814 0.9512 1.0602 1.2600 1.3095 0.6410 0.0000 0.0000 0.0000 0.0000 0.0000 0.0000 0.0000 0.0000 0.0000 
0.0000 0.0000 0.0000 0.0000 0.0000 0.0000 0.0000 0.0000 0.0000 0.0000 0.6297 0.8161 0.6044 0.5000 0.3374 0.2621 0.5278 1.0824 1.1249 0.3769 0.0000 0.0000 0.0000 0.0000 0.0000 0.0000 0.0000 0.0000 
0.0000 0.0000 0.0000 0.0000 0.0000 0.0000 0.0000 0.0000 0.0000 0.0000 0.0000 0.0711 0.0077 0.0000 0.0000 0.0000 0.0000 0.1195 0.8176 0.7814 0.0000 0.0000 0.0000 0.0000 0.0000 0.0000 0.0000 0.0000 
0.0000 0.0000 0.0000 0.0000 0.0000 0.0000 0.0000 0.0000 0.0000 0.0000 0.0000 0.0000 0.0000 0.0000 0.0000 0.0000 0.0000 0.0000 0.4069 0.8436 0.3624 0.0000 0.0000 0.0000 0.0000 0.0000 0.0000 0.0000 
0.0000 0.0000 0.0000 0.0000 0.0000 0.0000 0.0000 0.0000 0.0000 0.0000 0.0000 0.0000 0.0000 0.0000 0.0000 0.0000 0.0000 0.0000 0.0000 0.4150 0.3717 0.0000 0.0000 0.0000 0.0000 0.0000 0.0000 0.0000 
0.0000 0.0000 0.0000 0.0000 0.0000 0.0000 0.0000 0.0000 0.0000 0.0000 0.0000 0.0000 0.0000 0.0000 0.0000 0.0000 0.0000 0.0000 0.0000 0.1032 0.2059 0.0704 0.0000 0.0000 0.0000 0.0000 0.0000 0.0000 
0.0000 0.0000 0.0000 0.0000 0.0000 0.0000 0.0000 0.0000 0.0344 0.0218 0.0000 0.0000 0.0000 0.0000 0.0000 0.0000 0.0000 0.0000 0.0000 0.0000 0.0000 0.0166 0.0752 0.0000 0.0000 0.0000 0.0000 0.0000 
0.0000 0.0000 0.0000 0.0000 0.0000 0.0000 0.0000 0.0000 0.0887 0.2667 0.3163 0.0000 0.0000 0.0000 0.0000 0.0000 0.0000 0.0000 0.0000 0.0000 0.0000 0.0000 0.0741 0.0000 0.0000 0.0000 0.0000 0.0000 
0.0000 0.0000 0.0000 0.0000 0.0000 0.0000 0.0000 0.0000 0.0797 0.4915 0.7814 0.5752 0.2056 0.0000 0.0000 0.0000 0.0000 0.0000 0.0000 0.0000 0.0000 0.0000 0.0000 0.0000 0.0000 0.0000 0.0000 0.0000 
0.0000 0.0000 0.0000 0.0000 0.0000 0.0000 0.0000 0.0000 0.0000 0.2103 0.7658 0.9482 0.6207 0.2042 0.0000 0.0000 0.0000 0.0000 0.1147 0.3455 0.3506 0.0499 0.0000 0.0000 0.0000 0.0000 0.0000 0.0000 
0.0000 0.0000 0.0000 0.0000 0.0000 0.0000 0.0000 0.0000 0.0000 0.0000 0.2989 0.9640 1.2109 1.2234 1.0803 0.9092 0.7446 0.5556 0.4219 0.3479 0.2962 0.0706 0.0000 0.0000 0.0000 0.0000 0.0000 0.0000 
0.0000 0.0000 0.0000 0.0000 0.0000 0.0000 0.0000 0.0000 0.0000 0.0000 0.0000 0.1883 0.6373 0.7887 0.7806 0.6867 0.5319 0.3204 0.1372 0.1041 0.0564 0.0000 0.0000 0.0000 0.0000 0.0000 0.0000 0.0000 
0.0000 0.0000 0.0000 0.0000 0.0000 0.0000 0.0000 0.0000 0.0000 0.0000 0.0000 0.0000 0.0000 0.0000 0.0000 0.0000 0.0000 0.0000 0.0000 0.0000 0.0000 0.0000 0.0000 0.0000 0.0000 0.0000 0.0000 0.0000 
0.0000 0.0000 0.0000 0.0000 0.0000 0.0000 0.0000 0.0000 0.0000 0.0000 0.0000 0.0000 0.0000 0.0000 0.0000 0.0000 0.0000 0.0000 0.0000 0.0000 0.0000 0.0000 0.0000 0.0000 0.0000 0.0000 0.0000 0.0000 
0.0000 0.0000 0.0000 0.0000 0.0000 0.0000 0.0000 0.0000 0.0000 0.0000 0.0000 0.0000 0.0000 0.0000 0.0000 0.0000 0.0000 0.0000 0.0000 0.0000 0.0000 0.0000 0.0000 0.0000 0.0000 0.0000 0.0000 0.0000 

0.0000 0.0000 0.0000 0.0000 0.0000 0.0000 0.0009 0.0030 0.0000 0.0017 0.0000 0.0036 0.0069 0.0012 0.0021 0.0045 0.0043 0.0193 0.0098 0.0111 0.0144 0.0024 0.0015 0.0078 0.0119 0.0000 0.0000 0.0000 
0.0000 0.0000 0.0000 0.0000 0.0000 0.0000 0.0001 0.0000 0.0003 0.0084 0.0021 0.0129 0.0119 0.0068 0.0121 0.0077 0.0084 0.0239 0.0020 0.0075 0.0060 0.0256 0.0101 0.0036 0.0000 0.0065 0.0000 0.0000 
0.0000 0.0000 0.0000 0.0000 0.0000 0.0000 0.0000 0.0000 0.0097 0.0066 0.0178 0.0096 0.0041 0.0070 0.0058 0.0080 0.0020 0.0042 0.0000 0.0083 0.0135 0.0000 0.0091 0.0012 0.0035 0.0087 0.0000 0.0000 
0.0000 0.0000 0.0000 0.0000 0.0000 0.0000 0.0032 0.0089 0.0056 0.0000 0.0140 0.0058 0.0000 0.0219 0.0236 0.0000 0.0157 0.0000 0.0370 0.0358 0.1739 0.1174 0.1950 0.0223 0.0102 0.0000 0.0000 0.0000 
0.0000 0.0000 0.0000 0.0000 0.0000 0.0000 0.0079 0.0153 0.0130 0.0000 0.0000 0.0000 0.0236 0.1164 0.1543 0.2175 0.3537 0.4484 0.5609 0.5136 0.5812 0.5058 0.4178 0.0431 0.0000 0.0000 0.0000 0.0000 
0.0000 0.0000 0.0000 0.0000 0.0000 0.0000 0.0076 0.0038 0.0476 0.1497 0.2225 0.2831 0.4812 0.6934 0.7814 0.9159 1.1549 1.3823 1.4518 1.1576 0.6576 0.3767 0.1323 0.0271 0.0000 0.0093 0.0000 0.0000 
0.0000 0.0000 0.0000 0.0000 0.0000 0.0000 0.0000 0.0000 0.1412 0.4153 0.7196 0.8816 1.2531 1.3517 1.3952 1.4508 1.4183 1.3077 1.0883 0.7069 0.3389 0.1341 0.0000 0.0000 0.0017 0.0151 0.0000 0.0000 
0.0000 0.0000 0.0000 0.0000 0.0000 0.0000 0.0000 0.0491 0.3005 0.7038 0.8423 1.2367 1.4418 1.3472 1.1152 0.9209 0.6923 0.3365 0.0000 0.0000 0.0000 0.0000 0.0000 0.0000 0.0130 0.0000 0.0000 0.0000 
0.0000 0.0000 0.0000 0.0000 0.0000 0.0000 0.0003 0.1611 0.5114 0.7628 0.6103 0.7857 0.6981 0.4859 0.0000 0.0000 0.0000 0.0000 0.0000 0.0000 0.0000 0.0000 0.0000 0.0083 0.0178 0.0000 0.0000 0.0000 
0.0000 0.0000 0.0000 0.0000 0.0000 0.0000 0.0049 0.2752 0.6791 0.6787 0.3090 0.2316 0.0000 0.0000 0.0000 0.0000 0.0000 0.0000 0.0000 0.0000 0.0000 0.0355 0.0000 0.0000 0.0000 0.0076 0.0000 0.0000 
0.0000 0.0000 0.0000 0.0000 0.0000 0.0000 0.0162 0.3898 0.6192 0.4444 0.1332 0.1134 0.0000 0.0000 0.0000 0.0000 0.0555 0.1921 0.2175 0.0901 0.0184 0.0311 0.0000 0.0191 0.0000 0.0000 0.0000 0.0000 
0.0000 0.0000 0.0000 0.0000 0.0000 0.0000 0.0275 0.4537 0.5736 0.3377 0.1249 0.5562 0.5431 0.5309 0.7930 0.7742 0.6267 0.4931 0.4583 0.2650 0.1695 0.0000 0.0017 0.0104 0.0098 0.0000 0.0000 0.0000 
0.0000 0.0000 0.0000 0.0000 0.0000 0.0000 0.0366 0.4898 0.5544 0.3826 0.4907 0.9680 1.1152 1.4426 1.4775 1.2229 0.9764 0.5469 0.3108 0.4052 0.3576 0.0146 0.0029 0.0014 0.0000 0.0004 0.0000 0.0000 
0.0000 0.0000 0.0000 0.0000 0.0000 0.0000 0.0220 0.4257 0.5062 0.3888 0.9034 1.1812 1.2357 1.1428 1.0140 1.0273 0.8603 0.5810 0.2500 0.2814 0.1819 0.1553 0.0054 0.0237 0.0000 0.0000 0.0000 0.0000 
0.0000 0.0000 0.0000 0.0000 0.0000 0.0000 0.0089 0.2808 0.2511 0.3195 0.6134 0.4697 0.4135 0.1222 0.0000 0.0000 0.3441 0.3763 0.2747 0.1394 0.2293 0.3742 0.0642 0.0000 0.0086 0.0000 0.0000 0.0000 
0.0000 0.0000 0.0000 0.0000 0.0000 0.0000 0.0000 0.1153 0.0000 0.0000 0.0000 0.0000 0.0000 0.0000 0.0000 0.0000 0.0000 0.2590 0.4822 0.3247 0.2101 0.2751 0.2183 0.0000 0.0070 0.0000 0.0000 0.0000 
0.0000 0.0000 0.0000 0.0000 0.0000 0.0000 0.0000 0.0209 0.0000 0.0000 0.0000 0.0000 0.0000 0.0000 0.0000 0.0000 0.0000 0.2315 0.4369 0.4834 0.2963 0.2637 0.2611 0.0000 0.0018 0.0000 0.0000 0.0000 
0.0000 0.0000 0.0000 0.0000 0.0000 0.0000 0.0000 0.0009 0.0000 0.0000 0.0000 0.0000 0.0000 0.0000 0.0186 0.0252 0.1037 0.2405 0.2657 0.3644 0.4542 0.3478 0.1498 0.0216 0.0118 0.0015 0.0000 0.0000 
0.0000 0.0000 0.0000 0.0000 0.0000 0.0000 0.0015 0.0114 0.0063 0.0000 0.0041 0.0238 0.1219 0.1426 0.0598 0.0400 0.2228 0.3436 0.2960 0.2740 0.5569 0.4008 0.0418 0.0147 0.0000 0.0000 0.0000 0.0000 
0.0000 0.0000 0.0000 0.0000 0.0000 0.0000 0.0015 0.0426 0.0857 0.2257 0.1432 0.2655 0.4093 0.4061 0.1913 0.0640 0.3017 0.6313 0.3183 0.2534 0.5184 0.3290 0.0000 0.0000 0.0115 0.0000 0.0000 0.0000 
0.0000 0.0000 0.0000 0.0000 0.0000 0.0000 0.0007 0.1354 0.3698 0.6496 0.6509 0.7335 0.5472 0.3729 0.2487 0.1658 0.5962 0.7986 0.4440 0.3461 0.2975 0.2195 0.0000 0.0000 0.0000 0.0002 0.0000 0.0000 
0.0000 0.0000 0.0000 0.0000 0.0000 0.0000 0.0000 0.2432 0.7016 0.8682 0.8710 0.7592 0.6326 0.4757 0.5114 0.7704 1.0712 1.0513 0.6056 0.3744 0.3170 0.0000 0.0000 0.0150 0.0080 0.0033 0.0000 0.0000 
0.0000 0.0000 0.0000 0.0000 0.0000 0.0000 0.0051 0.2932 0.6113 0.6658 0.6999 0.6488 0.8630 0.9030 1.0330 1.3842 1.4649 0.9837 0.4245 0.3007 0.1330 0.0000 0.0095 0.0030 0.0000 0.0000 0.0000 0.0000 
0.0000 0.0000 0.0000 0.0000 0.0000 0.0000 0.0103 0.1827 0.2441 0.2803 0.5320 0.6979 0.9253 1.1960 1.2851 1.1364 0.7669 0.3380 0.0000 0.0000 0.0000 0.0000 0.0000 0.0000 0.0000 0.0000 0.0000 0.0000 
0.0000 0.0000 0.0000 0.0000 0.0000 0.0000 0.0135 0.0534 0.0000 0.0000 0.0000 0.2818 0.4146 0.4079 0.3587 0.1151 0.0000 0.0000 0.0000 0.0000 0.0000 0.0000 0.0000 0.0000 0.0000 0.0000 0.0000 0.0000 
0.0000 0.0000 0.0000 0.0000 0.0000 0.0000 0.0076 0.0000 0.0000 0.0000 0.0000 0.0000 0.0000 0.0000 0.0000 0.0000 0.0000 0.0000 0.0000 0.0000 0.0000 0.0061 0.0000 0.0029 0.0027 0.0000 0.0000 0.0000 
0.0000 0.0000 0.0000 0.0000 0.0000 0.0000 0.0097 0.0004 0.0000 0.0000 0.0000 0.0000 0.0000 0.0000 0.0000 0.0000 0.0000 0.0000 0.0000 0.0203 0.0086 0.0031 0.0000 0.0081 0.0000 0.0000 0.0000 0.0000 
0.0000 0.0000 0.0000 0.0000 0.0000 0.0000 0.0021 0.0000 0.0111 0.0102 0.0044 0.0000 0.0000 0.0000 0.0027 0.0048 0.0218 0.0105 0.0000 0.0000 0.0042 0.0065 0.0024 0.0000 0.0000 0.0000 0.0000 0.0000 

0.0211 0.0211 0.0211 0.0211 0.0211 0.0211 0.0262 0.0222 0.0252 0.0266 0.0257 0.0207 0.0207 0.0198 0.0217 0.0186 0.0308 0.0208 0.0185 0.0182 0.0209 0.0218 0.0186 0.0129 0.0071 0.0211 0.0211 0.0211 
0.0211 0.0211 0.0211 0.0211 0.0211 0.0211 0.0258 0.0308 0.0288 0.0280 0.0290 0.0192 0.0201 0.0267 0.0224 0.0183 0.0289 0.0233 0.0259 0.0136 0.0263 0.0086 0.0170 0.0092 0.0155 0.0102 0.0211 0.0211 
0.0211 0.0211 0.0211 0.0211 0.0211 0.0211 0.0276 0.0417 0.0311 0.0196 0.0078 0.0128 0.0185 0.0248 0.0239 0.0197 0.0204 0.0279 0.0218 0.0130 0.0270 0.0265 0.0052 0.0120 0.0088 0.0101 0.0211 0.0211 
0.0211 0.0211 0.0211 0.0211 0.0211 0.0211 0.0327 0.0417 0.0354 0.0231 0.0206 0.0342 0.0226 0.0211 0.0365 0.1050 0.1953 0.3004 0.2797 0.1120 0.0000 0.0000 0.0000 0.0000 0.0000 0.0187 0.0211 0.0211 
0.0211 0.0211 0.0211 0.0211 0.0211 0.0211 0.0375 0.0345 0.0450 0.1273 0.2393 0.2769 0.1816 0.1118 0.1757 0.2739 0.3747 0.4239 0.3363 0.0000 0.0000 0.0000 0.0000 0.0000 0.0132 0.0195 0.0211 0.0211 
0.0211 0.0211 0.0211 0.0211 0.0211 0.0211 0.0366 0.0357 0.1425 0.4072 0.6194 0.6116 0.3621 0.1931 0.2627 0.3124 0.3568 0.2110 0.0000 0.0000 0.0000 0.0000 0.0000 0.0000 0.0079 0.0031 0.0211 0.0211 
0.0211 0.0211 0.0211 0.0211 0.0211 0.0211 0.0356 0.0616 0.3373 0.7854 0.9042 0.6234 0.1596 0.0000 0.0208 0.0015 0.0000 0.0000 0.0000 0.0000 0.0000 0.0000 0.0000 0.0072 0.0128 0.0031 0.0211 0.0211 
0.0211 0.0211 0.0211 0.0211 0.0211 0.0211 0.0277 0.1340 0.6885 1.1652 1.0689 0.3069 0.0000 0.0000 0.0000 0.0000 0.0000 0.0000 0.0000 0.0000 0.0000 0.0000 0.0000 0.0000 0.0000 0.0133 0.0211 0.0211 
0.0211 0.0211 0.0211 0.0211 0.0211 0.0211 0.0273 0.2985 1.0060 1.4258 0.9466 0.0000 0.0000 0.0000 0.0000 0.0000 0.0000 0.0000 0.0000 0.0000 0.0000 0.0000 0.0000 0.0000 0.0000 0.0111 0.0211 0.0211 
0.0211 0.0211 0.0211 0.0211 0.0211 0.0211 0.0324 0.5086 1.2349 1.4306 0.4235 0.0000 0.0000 0.0000 0.0000 0.0000 0.0000 0.0000 0.0000 0.0000 0.0000 0.0000 0.0000 0.0000 0.0000 0.0033 0.0211 0.0211 
0.0211 0.0211 0.0211 0.0211 0.0211 0.0211 0.0562 0.7176 1.4685 1.2699 0.0000 0.0000 0.0000 0.0000 0.0067 0.0000 0.0000 0.0000 0.0000 0.0000 0.0219 0.0233 0.0138 0.0000 0.0000 0.0103 0.0211 0.0211 
0.0211 0.0211 0.0211 0.0211 0.0211 0.0211 0.0740 0.9078 1.5596 1.0293 0.0000 0.0000 0.0000 0.1711 0.2781 0.0000 0.0000 0.0000 0.0000 0.0000 0.0000 0.0302 0.0037 0.0000 0.0000 0.0102 0.0211 0.0211 
0.0211 0.0211 0.0211 0.0211 0.0211 0.0211 0.0846 0.9761 1.5284 1.0057 0.0000 0.0000 0.0000 0.0047 0.0000 0.0000 0.0000 0.0000 0.0000 0.0000 0.0000 0.0401 0.0008 0.0000 0.0014 0.0106 0.0211 0.0211 
0.0211 0.0211 0.0211 0.0211 0.0211 0.0211 0.0816 0.9540 1.3863 0.8624 0.0000 0.0000 0.0000 0.0000 0.0000 0.0000 0.0000 0.0000 0.0000 0.0000 0.0000 0.0000 0.0060 0.0000 0.0048 0.0155 0.0211 0.0211 
0.0211 0.0211 0.0211 0.0211 0.0211 0.0211 0.0569 0.7652 1.1929 0.6554 0.0000 0.0000 0.0000 0.0000 0.0000 0.0000 0.0000 0.0000 0.0000 0.0000 0.0000 0.0000 0.0000 0.0000 0.0000 0.0168 0.0211 0.0211 
0.0211 0.0211 0.0211 0.0211 0.0211 0.0211 0.0411 0.5042 0.9065 0.5632 0.0659 0.0000 0.0000 0.0000 0.0000 0.1751 0.4515 0.0868 0.0000 0.0000 0.0000 0.0000 0.0000 0.0046 0.0025 0.0179 0.0211 0.0211 
0.0211 0.0211 0.0211 0.0211 0.0211 0.0211 0.0232 0.2603 0.5567 0.4210 0.0469 0.0000 0.0000 0.0000 0.0000 0.1462 0.6934 0.6647 0.0260 0.0000 0.0000 0.0000 0.0000 0.0000 0.0000 0.0168 0.0211 0.0211 
0.0211 0.0211 0.0211 0.0211 0.0211 0.0211 0.0244 0.0843 0.2052 0.1985 0.0000 0.0000 0.0000 0.0000 0.0000 0.1365 0.7349 1.3014 0.6325 0.0000 0.0000 0.0000 0.0000 0.0000 0.0006 0.0162 0.0211 0.0211 
0.0211 0.0211 0.0211 0.0211 0.0211 0.0211 0.0292 0.0429 0.1071 0.2129 0.2566 0.0888 0.0000 0.0000 0.0000 0.0353 0.6348 1.4812 1.0128 0.0000 0.0000 0.0000 0.0000 0.0000 0.0000 0.0173 0.0211 0.0211 
0.0211 0.0211 0.0211 0.0211 0.0211 0.0211 0.0290 0.1048 0.4099 0.5904 0.4633 0.0000 0.0000 0.0000 0.0000 0.1271 0.7916 1.4608 0.9378 0.0000 0.0000 0.0000 0.0000 0.0008 0.0004 0.0175 0.0211 0.0211 
0.0211 0.0211 0.0211 0.0211 0.0211 0.0211 0.0267 0.2735 0.7227 0.9010 0.4948 0.0000 0.0000 0.0000 0.0000 0.4107 1.0339 1.3179 0.3918 0.0000 0.0000 0.0000 0.0000 0.0000 0.0000 0.0126 0.0211 0.0211 
0.0211 0.0211 0.0211 0.0211 0.0211 0.0211 0.0296 0.4520 0.9169 1.1279 0.5271 0.0000 0.0000 0.0000 0.1260 0.5035 0.9477 0.8824 0.0000 0.0000 0.0000 0.0000 0.0000 0.0000 0.0041 0.0136 0.0211 0.0211 
0.0211 0.0211 0.0211 0.0211 0.0211 0.0211 0.0367 0.4992 1.0998 1.2280 0.5530 0.0000 0.0000 0.0000 0.1554 0.3613 0.4623 0.0176 0.0000 0.0000 0.0000 0.0000 0.0000 0.0000 0.0019 0.0154 0.0211 0.0211 
0.0211 0.0211 0.0211 0.0211 0.0211 0.0211 0.0392 0.4615 1.0493 1.0018 0.4249 0.0000 0.0000 0.0000 0.0413 0.1692 0.0363 0.0000 0.0000 0.0000 0.0000 0.0000 0.0081 0.0108 0.0143 0.0180 0.0211 0.0211 
0.0211 0.0211 0.0211 0.0211 0.0211 0.0211 0.0497 0.3029 0.7437 0.7825 0.3952 0.0000 0.0000 0.0000 0.0000 0.0000 0.0000 0.0000 0.0000 0.0000 0.0000 0.0000 0.0095 0.0043 0.0062 0.0177 0.0211 0.0211 
0.0211 0.0211 0.0211 0.0211 0.0211 0.0211 0.0503 0.1344 0.3888 0.5455 0.4171 0.1990 0.0481 0.0000 0.0000 0.0000 0.0000 0.0000 0.0000 0.0000 0.0000 0.0000 0.0182 0.0081 0.0141 0.0203 0.0211 0.0211 
0.0211 0.0211 0.0211 0.0211 0.0211 0.0211 0.0425 0.0571 0.1191 0.2327 0.2761 0.1769 0.0169 0.0000 0.0000 0.0000 0.0000 0.0000 0.0000 0.0000 0.0117 0.0217 0.0186 0.0074 0.0160 0.0202 0.0211 0.0211 
0.0211 0.0211 0.0211 0.0211 0.0211 0.0211 0.0417 0.0384 0.0117 0.0000 0.0100 0.0245 0.0223 0.0201 0.0385 0.0338 0.0081 0.0000 0.0042 0.0242 0.0184 0.0130 0.0066 0.0147 0.0202 0.0211 0.0211 0.0211 

