0.007812 0.007812 0.007812 0.007812 0.007812 0.007812 0.011719 0.007812 0.003906 0.000000 0.000000 0.000000 0.000000 0.000000 0.000000 0.000000 0.000000 0.007812 0.011719 0.007812 0.003906 0.011719 0.007812 0.003906 0.003906 0.007812 0.007812 0.007812 
0.007812 0.007812 0.007812 0.007812 0.007812 0.007812 0.015625 0.007812 0.015625 0.011719 0.007812 0.011719 0.011719 0.007812 0.011719 0.007812 0.015625 0.015625 0.011719 0.015625 0.011719 0.007812 0.007812 0.000000 0.000000 0.003906 0.007812 0.007812 
0.007812 0.007812 0.007812 0.007812 0.007812 0.007812 0.011719 0.003906 0.000000 0.003906 0.011719 0.015625 0.019531 0.015625 0.003906 0.003906 0.000000 0.015625 0.019531 0.000000 0.007812 0.000000 0.019531 0.000000 0.000000 0.003906 0.007812 0.007812 
0.007812 0.007812 0.007812 0.007812 0.007812 0.007812 0.007812 0.011719 0.011719 0.011719 0.000000 0.000000 0.000000 0.011719 0.007812 0.000000 0.000000 0.000000 0.000000 0.000000 0.000000 0.000000 0.000000 0.015625 0.000000 0.015625 0.007812 0.007812 
0.007812 0.007812 0.007812 0.007812 0.007812 0.007812 0.015625 0.027344 0.023438 0.000000 0.000000 0.000000 0.000000 0.000000 0.000000 0.000000 0.000000 0.000000 0.000000 0.000000 0.000000 0.000000 0.000000 0.003906 0.015625 0.003906 0.007812 0.007812 
0.007812 0.007812 0.007812 0.007812 0.007812 0.007812 0.023438 0.019531 0.000000 0.000000 0.000000 0.000000 0.000000 0.000000 0.000000 0.000000 0.000000 0.000000 0.000000 0.000000 0.000000 0.000000 0.015625 0.000000 0.000000 0.000000 0.007812 0.007812 
0.007812 0.007812 0.007812 0.007812 0.007812 0.007812 0.027344 0.019531 0.000000 0.000000 0.000000 0.000000 0.000000 0.000000 0.000000 0.000000 0.429688 0.777344 1.089844 0.789062 0.582031 0.156250 0.031250 0.019531 0.000000 0.003906 0.007812 0.007812 
0.007812 0.007812 0.007812 0.007812 0.007812 0.007812 0.015625 0.003906 0.003906 0.054688 0.082031 0.378906 0.718750 1.054688 1.289062 1.406250 1.554688 1.597656 1.441406 0.882812 0.406250 0.074219 0.000000 0.000000 0.003906 0.011719 0.007812 0.007812 
0.007812 0.007812 0.007812 0.007812 0.007812 0.007812 0.007812 0.050781 0.269531 0.472656 0.671875 0.933594 1.296875 1.496094 1.562500 1.511719 1.304688 1.160156 0.855469 0.382812 0.023438 0.000000 0.000000 0.000000 0.000000 0.003906 0.007812 0.007812 
0.007812 0.007812 0.007812 0.007812 0.007812 0.007812 0.011719 0.160156 0.460938 0.687500 0.804688 0.871094 0.968750 1.019531 0.832031 0.660156 0.421875 0.222656 0.113281 0.000000 0.000000 0.000000 0.000000 0.003906 0.015625 0.000000 0.007812 0.007812 
0.007812 0.007812 0.007812 0.007812 0.007812 0.007812 0.011719 0.355469 0.644531 0.839844 0.449219 0.289062 0.000000 0.000000 0.000000 0.000000 0.000000 0.000000 0.000000 0.000000 0.007812 0.000000 0.003906 0.000000 0.003906 0.007812 0.007812 0.007812 
0.007812 0.007812 0.007812 0.007812 0.007812 0.007812 0.031250 0.535156 0.800781 0.722656 0.000000 0.000000 0.000000 0.000000 0.000000 0.000000 0.000000 0.000000 0.000000 0.000000 0.000000 0.046875 0.007812 0.015625 0.000000 0.003906 0.007812 0.007812 
0.007812 0.007812 0.007812 0.007812 0.007812 0.007812 0.050781 0.660156 0.945312 0.753906 0.160156 0.000000 0.000000 0.000000 0.000000 0.000000 0.000000 0.000000 0.000000 0.000000 0.000000 0.007812 0.000000 0.007812 0.015625 0.003906 0.007812 0.007812 
0.007812 0.007812 0.007812 0.007812 0.007812 0.007812 0.074219 0.757812 1.128906 1.117188 0.832031 0.562500 0.675781 1.089844 1.292969 1.085938 0.781250 0.117188 0.000000 0.000000 0.000000 0.000000 0.027344 0.003906 0.003906 0.007812 0.007812 0.007812 
0.007812 0.007812 0.007812 0.007812 0.007812 0.007812 0.050781 0.750000 1.144531 1.437500 1.523438 1.558594 1.546875 1.546875 1.574219 1.406250 1.082031 0.500000 0.000000 0.000000 0.000000 0.000000 0.000000 0.007812 0.003906 0.003906 0.007812 0.007812 
0.007812 0.007812 0.007812 0.007812 0.007812 0.007812 0.035156 0.570312 0.957031 1.218750 1.464844 1.257812 1.148438 1.003906 0.906250 0.976562 1.000000 0.691406 0.082031 0.000000 0.000000 0.000000 0.000000 0.000000 0.007812 0.007812 0.007812 0.007812 
0.007812 0.007812 0.007812 0.007812 0.007812 0.007812 0.007812 0.296875 0.660156 0.679688 0.832031 0.652344 0.398438 0.199219 0.195312 0.500000 0.792969 0.738281 0.363281 0.000000 0.000000 0.000000 0.000000 0.000000 0.000000 0.007812 0.007812 0.007812 
0.007812 0.007812 0.007812 0.007812 0.007812 0.007812 0.007812 0.070312 0.238281 0.261719 0.132812 0.101562 0.000000 0.000000 0.000000 0.152344 0.664062 0.746094 0.433594 0.000000 0.000000 0.000000 0.000000 0.003906 0.000000 0.007812 0.007812 0.007812 
0.007812 0.007812 0.007812 0.007812 0.007812 0.007812 0.011719 0.019531 0.000000 0.000000 0.000000 0.000000 0.000000 0.000000 0.000000 0.015625 0.363281 0.714844 0.390625 0.175781 0.000000 0.000000 0.000000 0.000000 0.003906 0.007812 0.007812 0.007812 
0.007812 0.007812 0.007812 0.007812 0.007812 0.007812 0.015625 0.007812 0.000000 0.000000 0.000000 0.000000 0.000000 0.000000 0.000000 0.000000 0.109375 0.476562 0.347656 0.105469 0.062500 0.000000 0.000000 0.023438 0.000000 0.007812 0.007812 0.007812 
0.007812 0.007812 0.007812 0.007812 0.007812 0.007812 0.015625 0.023438 0.000000 0.000000 0.000000 0.000000 0.000000 0.000000 0.000000 0.000000 0.000000 0.085938 0.273438 0.042969 0.015625 0.000000 0.000000 0.000000 0.000000 0.003906 0.007812 0.007812 
0.007812 0.007812 0.007812 0.007812 0.007812 0.007812 0.015625 0.156250 0.371094 0.375000 0.082031 0.000000 0.000000 0.000000 0.000000 0.000000 0.000000 0.265625 0.339844 0.292969 0.000000 0.000000 0.000000 0.003906 0.000000 0.003906 0.007812 0.007812 
0.007812 0.007812 0.007812 0.007812 0.007812 0.007812 0.007812 0.378906 0.796875 1.281250 0.949219 0.281250 0.000000 0.000000 0.000000 0.000000 0.285156 0.882812 0.656250 0.503906 0.078125 0.000000 0.000000 0.019531 0.007812 0.007812 0.007812 0.007812 
0.007812 0.007812 0.007812 0.007812 0.007812 0.007812 0.019531 0.457031 0.988281 1.414062 1.585938 1.195312 0.984375 0.863281 0.949219 1.316406 1.609375 1.445312 0.828125 0.363281 0.058594 0.000000 0.023438 0.019531 0.007812 0.007812 0.007812 0.007812 
0.007812 0.007812 0.007812 0.007812 0.007812 0.007812 0.023438 0.343750 0.863281 1.128906 1.476562 1.417969 1.300781 1.433594 1.589844 1.660156 1.496094 1.125000 0.515625 0.062500 0.000000 0.000000 0.007812 0.011719 0.003906 0.007812 0.007812 0.007812 
0.007812 0.007812 0.007812 0.007812 0.007812 0.007812 0.035156 0.136719 0.460938 0.734375 0.910156 1.117188 1.152344 1.125000 1.125000 0.953125 0.714844 0.289062 0.000000 0.000000 0.000000 0.000000 0.000000 0.003906 0.007812 0.007812 0.007812 0.007812 
0.007812 0.007812 0.007812 0.007812 0.007812 0.007812 0.023438 0.035156 0.152344 0.308594 0.437500 0.500000 0.500000 0.476562 0.453125 0.300781 0.085938 0.000000 0.000000 0.000000 0.007812 0.011719 0.007812 0.003906 0.007812 0.007812 0.007812 0.007812 
0.007812 0.007812 0.007812 0.007812 0.007812 0.007812 0.031250 0.031250 0.015625 0.027344 0.019531 0.027344 0.027344 0.027344 0.039062 0.039062 0.023438 0.027344 0.023438 0.027344 0.015625 0.019531 0.011719 0.015625 0.007812 0.007812 0.007812 0.007812 

0.078125 0.078125 0.078125 0.078125 0.078125 0.078125 0.082031 0.085938 0.093750 0.097656 0.105469 0.097656 0.101562 0.105469 0.101562 0.097656 0.101562 0.105469 0.101562 0.109375 0.109375 0.105469 0.093750 0.101562 0.089844 0.078125 0.078125 0.078125 
0.078125 0.078125 0.078125 0.078125 0.078125 0.078125 0.070312 0.078125 0.078125 0.082031 0.097656 0.097656 0.089844 0.097656 0.093750 0.097656 0.097656 0.093750 0.089844 0.089844 0.113281 0.121094 0.105469 0.109375 0.097656 0.082031 0.078125 0.078125 
0.078125 0.078125 0.078125 0.078125 0.078125 0.078125 0.078125 0.082031 0.093750 0.089844 0.097656 0.101562 0.093750 0.109375 0.101562 0.117188 0.078125 0.085938 0.074219 0.070312 0.093750 0.082031 0.082031 0.078125 0.109375 0.089844 0.078125 0.078125 
0.078125 0.078125 0.078125 0.078125 0.078125 0.078125 0.089844 0.085938 0.085938 0.097656 0.089844 0.097656 0.082031 0.085938 0.160156 0.257812 0.476562 0.636719 0.781250 0.613281 0.500000 0.269531 0.187500 0.089844 0.082031 0.093750 0.078125 0.078125 
0.078125 0.078125 0.078125 0.078125 0.078125 0.078125 0.089844 0.082031 0.164062 0.296875 0.472656 0.605469 0.726562 0.808594 0.886719 0.992188 1.187500 1.421875 1.648438 1.535156 1.320312 0.847656 0.457031 0.101562 0.082031 0.085938 0.078125 0.078125 
0.078125 0.078125 0.078125 0.078125 0.078125 0.078125 0.070312 0.082031 0.253906 0.578125 0.953125 1.320312 1.632812 1.816406 1.945312 2.085938 2.328125 2.500000 2.554688 2.253906 1.859375 1.269531 0.699219 0.132812 0.070312 0.074219 0.078125 0.078125 
0.078125 0.078125 0.078125 0.078125 0.078125 0.078125 0.050781 0.113281 0.480469 0.941406 1.601562 2.109375 2.710938 2.964844 2.847656 2.613281 2.218750 1.832031 1.492188 1.246094 1.058594 0.902344 0.671875 0.152344 0.093750 0.093750 0.078125 0.078125 
0.078125 0.078125 0.078125 0.078125 0.078125 0.078125 0.074219 0.281250 0.609375 1.046875 1.214844 1.515625 1.679688 1.757812 1.449219 1.023438 0.367188 0.000000 0.000000 0.000000 0.000000 0.000000 0.191406 0.121094 0.097656 0.101562 0.078125 0.078125 
0.078125 0.078125 0.078125 0.078125 0.078125 0.078125 0.078125 0.390625 0.632812 0.625000 0.363281 0.039062 0.000000 0.000000 0.000000 0.000000 0.000000 0.000000 0.000000 0.000000 0.000000 0.000000 0.000000 0.066406 0.085938 0.097656 0.078125 0.078125 
0.078125 0.078125 0.078125 0.078125 0.078125 0.078125 0.113281 0.484375 0.507812 0.332031 0.000000 0.000000 0.000000 0.000000 0.000000 0.000000 0.000000 0.000000 0.000000 0.000000 0.000000 0.000000 0.031250 0.082031 0.085938 0.082031 0.078125 0.078125 
0.078125 0.078125 0.078125 0.078125 0.078125 0.078125 0.097656 0.363281 0.210938 0.000000 0.000000 0.000000 0.000000 0.000000 0.000000 0.000000 0.000000 0.023438 0.082031 0.070312 0.105469 0.117188 0.085938 0.097656 0.101562 0.089844 0.078125 0.078125 
0.078125 0.078125 0.078125 0.078125 0.078125 0.078125 0.125000 0.187500 0.046875 0.000000 0.343750 1.218750 1.656250 1.808594 1.886719 2.027344 1.761719 1.414062 0.871094 0.335938 0.156250 0.089844 0.074219 0.093750 0.085938 0.093750 0.078125 0.078125 
0.078125 0.078125 0.078125 0.078125 0.078125 0.078125 0.070312 0.074219 0.000000 0.078125 0.785156 2.003906 2.609375 2.597656 2.730469 2.699219 2.562500 2.113281 1.597656 0.847656 0.339844 0.117188 0.082031 0.097656 0.085938 0.085938 0.078125 0.078125 
0.078125 0.078125 0.078125 0.078125 0.078125 0.078125 0.035156 0.000000 0.000000 0.000000 0.410156 1.464844 1.703125 1.414062 1.175781 1.511719 1.765625 1.929688 1.937500 1.425781 0.605469 0.136719 0.078125 0.101562 0.085938 0.085938 0.078125 0.078125 
0.078125 0.078125 0.078125 0.078125 0.078125 0.078125 0.019531 0.000000 0.000000 0.000000 0.000000 0.000000 0.000000 0.000000 0.000000 0.000000 0.000000 0.382812 1.140625 1.539062 1.187500 0.363281 0.113281 0.078125 0.078125 0.082031 0.078125 0.078125 
0.078125 0.078125 0.078125 0.078125 0.078125 0.078125 0.042969 0.000000 0.000000 0.000000 0.000000 0.000000 0.000000 0.000000 0.000000 0.000000 0.000000 0.000000 0.257812 1.253906 1.433594 0.792969 0.207031 0.101562 0.085938 0.074219 0.078125 0.078125 
0.078125 0.078125 0.078125 0.078125 0.078125 0.078125 0.078125 0.000000 0.000000 0.000000 0.000000 0.000000 0.000000 0.000000 0.000000 0.000000 0.000000 0.000000 0.019531 0.691406 1.410156 1.218750 0.429688 0.074219 0.097656 0.082031 0.078125 0.078125 
0.078125 0.078125 0.078125 0.078125 0.078125 0.078125 0.085938 0.000000 0.000000 0.000000 0.000000 0.000000 0.000000 0.000000 0.023438 0.000000 0.000000 0.000000 0.000000 0.218750 0.992188 1.218750 0.609375 0.105469 0.105469 0.078125 0.078125 0.078125 
0.078125 0.078125 0.078125 0.078125 0.078125 0.078125 0.078125 0.109375 0.273438 0.398438 0.476562 0.449219 0.328125 0.234375 0.171875 0.125000 0.011719 0.000000 0.000000 0.125000 0.500000 0.984375 0.609375 0.101562 0.101562 0.085938 0.078125 0.078125 
0.078125 0.078125 0.078125 0.078125 0.078125 0.078125 0.082031 0.253906 0.507812 0.890625 0.992188 1.019531 0.871094 0.523438 0.273438 0.339844 0.464844 0.304688 0.078125 0.171875 0.355469 0.617188 0.347656 0.105469 0.105469 0.082031 0.078125 0.078125 
0.078125 0.078125 0.078125 0.078125 0.078125 0.078125 0.070312 0.382812 0.851562 1.468750 1.828125 1.933594 1.757812 1.246094 0.832031 0.808594 1.031250 0.718750 0.234375 0.253906 0.359375 0.378906 0.121094 0.085938 0.089844 0.082031 0.078125 0.078125 
0.078125 0.078125 0.078125 0.078125 0.078125 0.078125 0.082031 0.371094 0.757812 1.222656 1.734375 2.140625 2.312500 2.179688 1.757812 1.683594 1.394531 1.007812 0.445312 0.257812 0.445312 0.355469 0.000000 0.074219 0.109375 0.085938 0.078125 0.078125 
0.078125 0.078125 0.078125 0.078125 0.078125 0.078125 0.082031 0.066406 0.000000 0.003906 0.414062 1.441406 2.199219 2.621094 2.761719 2.332031 1.667969 0.804688 0.421875 0.324219 0.375000 0.375000 0.058594 0.078125 0.082031 0.085938 0.078125 0.078125 
0.078125 0.078125 0.078125 0.078125 0.078125 0.078125 0.109375 0.000000 0.000000 0.000000 0.000000 0.000000 1.050781 1.742188 1.890625 1.425781 0.539062 0.000000 0.000000 0.000000 0.000000 0.132812 0.062500 0.070312 0.085938 0.085938 0.078125 0.078125 
0.078125 0.078125 0.078125 0.078125 0.078125 0.078125 0.062500 0.000000 0.000000 0.000000 0.000000 0.000000 0.000000 0.000000 0.000000 0.000000 0.000000 0.000000 0.000000 0.000000 0.000000 0.000000 0.054688 0.054688 0.062500 0.078125 0.078125 0.078125 
0.078125 0.078125 0.078125 0.078125 0.078125 0.078125 0.074219 0.000000 0.000000 0.000000 0.000000 0.000000 0.000000 0.000000 0.000000 0.000000 0.000000 0.000000 0.000000 0.000000 0.000000 0.039062 0.082031 0.078125 0.078125 0.078125 0.078125 0.078125 
0.078125 0.078125 0.078125 0.078125 0.078125 0.078125 0.062500 0.050781 0.000000 0.000000 0.000000 0.000000 0.000000 0.000000 0.000000 0.000000 0.000000 0.000000 0.000000 0.000000 0.070312 0.082031 0.093750 0.089844 0.082031 0.074219 0.078125 0.078125 
0.078125 0.078125 0.078125 0.078125 0.078125 0.078125 0.062500 0.062500 0.074219 0.078125 0.078125 0.078125 0.062500 0.058594 0.066406 0.070312 0.085938 0.089844 0.082031 0.089844 0.078125 0.082031 0.082031 0.089844 0.082031 0.078125 0.078125 0.078125 

0.000000 0.000000 0.000000 0.000000 0.000000 0.000000 0.000000 0.000000 0.000000 0.000000 0.000000 0.003906 0.003906 0.003906 0.003906 0.007812 0.000000 0.007812 0.019531 0.015625 0.003906 0.019531 0.027344 0.023438 0.007812 0.000000 0.000000 0.000000 
0.000000 0.000000 0.000000 0.000000 0.000000 0.000000 0.000000 0.000000 0.000000 0.007812 0.011719 0.015625 0.011719 0.007812 0.007812 0.019531 0.007812 0.000000 0.000000 0.019531 0.023438 0.023438 0.007812 0.019531 0.015625 0.011719 0.000000 0.000000 
0.000000 0.000000 0.000000 0.000000 0.000000 0.000000 0.000000 0.000000 0.000000 0.011719 0.015625 0.011719 0.011719 0.000000 0.003906 0.019531 0.000000 0.003906 0.000000 0.023438 0.000000 0.000000 0.035156 0.039062 0.035156 0.007812 0.000000 0.000000 
0.000000 0.000000 0.000000 0.000000 0.000000 0.000000 0.000000 0.000000 0.000000 0.003906 0.000000 0.003906 0.011719 0.007812 0.000000 0.000000 0.000000 0.000000 0.000000 0.207031 0.500000 0.433594 0.339844 0.054688 0.007812 0.007812 0.000000 0.000000 
0.000000 0.000000 0.000000 0.000000 0.000000 0.000000 0.000000 0.000000 0.000000 0.000000 0.000000 0.000000 0.019531 0.105469 0.066406 0.042969 0.109375 0.308594 0.664062 1.234375 1.472656 1.042969 0.562500 0.074219 0.019531 0.003906 0.000000 0.000000 
0.000000 0.000000 0.000000 0.000000 0.000000 0.000000 0.000000 0.000000 0.000000 0.000000 0.000000 0.113281 0.554688 0.804688 0.816406 0.843750 0.957031 1.195312 1.500000 2.058594 2.000000 1.300781 0.589844 0.070312 0.015625 0.011719 0.000000 0.000000 
0.000000 0.000000 0.000000 0.000000 0.000000 0.000000 0.000000 0.000000 0.000000 0.000000 0.000000 0.542969 1.289062 1.500000 1.468750 1.394531 1.273438 1.265625 1.347656 1.843750 1.824219 1.207031 0.519531 0.078125 0.019531 0.015625 0.000000 0.000000 
0.000000 0.000000 0.000000 0.000000 0.000000 0.000000 0.000000 0.000000 0.000000 0.000000 0.000000 0.914062 1.511719 1.554688 1.238281 1.062500 0.851562 0.628906 0.542969 1.046875 1.238281 0.863281 0.285156 0.050781 0.027344 0.015625 0.000000 0.000000 
0.000000 0.000000 0.000000 0.000000 0.000000 0.000000 0.000000 0.000000 0.000000 0.000000 0.000000 1.023438 1.230469 0.773438 0.304688 0.285156 0.281250 0.304688 0.304688 0.558594 0.636719 0.351562 0.039062 0.027344 0.035156 0.023438 0.000000 0.000000 
0.000000 0.000000 0.000000 0.000000 0.000000 0.000000 0.000000 0.000000 0.000000 0.000000 0.296875 1.335938 1.085938 0.289062 0.000000 0.105469 0.257812 0.355469 0.289062 0.207031 0.128906 0.046875 0.000000 0.046875 0.042969 0.007812 0.000000 0.000000 
0.000000 0.000000 0.000000 0.000000 0.000000 0.000000 0.000000 0.000000 0.000000 0.000000 0.972656 1.882812 1.191406 0.222656 0.000000 0.414062 0.718750 0.640625 0.453125 0.156250 0.019531 0.015625 0.031250 0.058594 0.035156 0.011719 0.000000 0.000000 
0.000000 0.000000 0.000000 0.000000 0.000000 0.000000 0.000000 0.000000 0.000000 0.000000 1.257812 2.113281 1.507812 0.839844 0.843750 1.187500 1.332031 1.257812 0.933594 0.507812 0.238281 0.019531 0.035156 0.054688 0.023438 0.015625 0.000000 0.000000 
0.000000 0.000000 0.000000 0.000000 0.000000 0.000000 0.000000 0.000000 0.000000 0.000000 1.308594 2.195312 1.808594 1.371094 1.445312 1.632812 1.781250 1.808594 1.621094 0.996094 0.414062 0.015625 0.027344 0.066406 0.031250 0.007812 0.000000 0.000000 
0.000000 0.000000 0.000000 0.000000 0.000000 0.000000 0.000000 0.000000 0.000000 0.000000 1.179688 1.722656 1.406250 1.234375 1.125000 1.195312 1.464844 1.863281 1.761719 1.308594 0.710938 0.261719 0.054688 0.046875 0.019531 0.007812 0.000000 0.000000 
0.000000 0.000000 0.000000 0.000000 0.000000 0.000000 0.000000 0.000000 0.000000 0.000000 0.417969 0.738281 0.582031 0.503906 0.296875 0.109375 0.324219 0.992188 1.660156 1.683594 1.191406 0.503906 0.128906 0.035156 0.027344 0.003906 0.000000 0.000000 
0.000000 0.000000 0.000000 0.000000 0.000000 0.000000 0.000000 0.000000 0.000000 0.000000 0.000000 0.000000 0.101562 0.167969 0.007812 0.000000 0.000000 0.015625 1.242188 1.750000 1.429688 0.914062 0.324219 0.042969 0.015625 0.000000 0.000000 0.000000 
0.000000 0.000000 0.000000 0.000000 0.000000 0.000000 0.000000 0.000000 0.000000 0.000000 0.000000 0.000000 0.082031 0.156250 0.066406 0.000000 0.000000 0.000000 0.421875 1.621094 1.828125 1.320312 0.476562 0.015625 0.035156 0.003906 0.000000 0.000000 
0.000000 0.000000 0.000000 0.000000 0.000000 0.000000 0.000000 0.000000 0.000000 0.000000 0.000000 0.097656 0.089844 0.070312 0.027344 0.000000 0.000000 0.000000 0.000000 1.542969 2.164062 1.503906 0.625000 0.070312 0.027344 0.000000 0.000000 0.000000 
0.000000 0.000000 0.000000 0.000000 0.000000 0.000000 0.000000 0.000000 0.000000 0.000000 0.000000 0.156250 0.328125 0.292969 0.136719 0.000000 0.000000 0.000000 0.000000 1.570312 2.300781 1.621094 0.503906 0.046875 0.035156 0.003906 0.000000 0.000000 
0.000000 0.000000 0.000000 0.000000 0.000000 0.000000 0.000000 0.000000 0.000000 0.000000 0.191406 0.886719 1.031250 0.683594 0.246094 0.000000 0.000000 0.000000 0.000000 1.691406 2.269531 1.425781 0.320312 0.066406 0.031250 0.003906 0.000000 0.000000 
0.000000 0.000000 0.000000 0.000000 0.000000 0.000000 0.000000 0.000000 0.000000 0.000000 0.636719 1.527344 1.582031 0.988281 0.300781 0.000000 0.000000 0.000000 0.523438 2.046875 2.214844 1.195312 0.156250 0.046875 0.031250 0.007812 0.000000 0.000000 
0.000000 0.000000 0.000000 0.000000 0.000000 0.000000 0.000000 0.000000 0.000000 0.000000 0.539062 1.777344 2.000000 1.375000 0.656250 0.300781 0.000000 0.136719 1.511719 2.453125 1.953125 0.757812 0.023438 0.046875 0.031250 0.007812 0.000000 0.000000 
0.000000 0.000000 0.000000 0.000000 0.000000 0.000000 0.000000 0.000000 0.000000 0.000000 0.164062 1.683594 2.101562 1.703125 1.285156 0.941406 0.710938 0.941406 2.054688 2.289062 1.343750 0.382812 0.019531 0.031250 0.015625 0.007812 0.000000 0.000000 
0.000000 0.000000 0.000000 0.000000 0.000000 0.000000 0.000000 0.000000 0.000000 0.000000 0.000000 1.074219 1.734375 1.574219 1.117188 0.878906 0.835938 1.035156 1.593750 1.507812 0.839844 0.140625 0.007812 0.023438 0.019531 0.003906 0.000000 0.000000 
0.000000 0.000000 0.000000 0.000000 0.000000 0.000000 0.000000 0.000000 0.000000 0.000000 0.000000 0.000000 0.378906 0.378906 0.210938 0.242188 0.453125 0.765625 1.035156 0.871094 0.351562 0.000000 0.007812 0.011719 0.003906 0.000000 0.000000 0.000000 
0.000000 0.000000 0.000000 0.000000 0.000000 0.000000 0.000000 0.000000 0.000000 0.000000 0.000000 0.000000 0.000000 0.000000 0.000000 0.000000 0.304688 0.609375 0.589844 0.273438 0.023438 0.000000 0.007812 0.015625 0.007812 0.000000 0.000000 0.000000 
0.000000 0.000000 0.000000 0.000000 0.000000 0.000000 0.000000 0.000000 0.000000 0.000000 0.000000 0.000000 0.000000 0.000000 0.000000 0.000000 0.156250 0.242188 0.093750 0.000000 0.000000 0.019531 0.019531 0.011719 0.003906 0.000000 0.000000 0.000000 
0.000000 0.000000 0.000000 0.000000 0.000000 0.000000 0.000000 0.000000 0.011719 0.023438 0.000000 0.000000 0.000000 0.000000 0.000000 0.000000 0.023438 0.027344 0.011719 0.003906 0.003906 0.007812 0.007812 0.011719 0.000000 0.000000 0.000000 0.000000 

0.003906 0.003906 0.003906 0.003906 0.003906 0.003906 0.007812 0.007812 0.007812 0.007812 0.007812 0.003906 0.007812 0.007812 0.003906 0.007812 0.011719 0.011719 0.019531 0.015625 0.015625 0.007812 0.015625 0.007812 0.003906 0.003906 0.003906 0.003906 
0.003906 0.003906 0.003906 0.003906 0.003906 0.003906 0.007812 0.003906 0.011719 0.011719 0.015625 0.015625 0.015625 0.015625 0.015625 0.011719 0.023438 0.019531 0.015625 0.023438 0.019531 0.023438 0.015625 0.015625 0.000000 0.003906 0.003906 0.003906 
0.003906 0.003906 0.003906 0.003906 0.003906 0.003906 0.003906 0.007812 0.011719 0.011719 0.019531 0.015625 0.019531 0.019531 0.011719 0.027344 0.007812 0.023438 0.015625 0.007812 0.031250 0.003906 0.023438 0.007812 0.011719 0.003906 0.003906 0.003906 
0.003906 0.003906 0.003906 0.003906 0.003906 0.003906 0.007812 0.011719 0.019531 0.015625 0.015625 0.019531 0.011719 0.027344 0.023438 0.031250 0.039062 0.027344 0.042969 0.000000 0.050781 0.000000 0.042969 0.015625 0.007812 0.007812 0.003906 0.003906 
0.003906 0.003906 0.003906 0.003906 0.003906 0.003906 0.015625 0.015625 0.035156 0.023438 0.031250 0.039062 0.007812 0.019531 0.070312 0.101562 0.218750 0.292969 0.410156 0.316406 0.371094 0.113281 0.105469 0.027344 0.003906 0.007812 0.003906 0.003906 
0.003906 0.003906 0.003906 0.003906 0.003906 0.003906 0.015625 0.011719 0.085938 0.132812 0.238281 0.339844 0.378906 0.445312 0.539062 0.648438 0.855469 1.050781 1.164062 0.910156 0.789062 0.367188 0.214844 0.019531 0.000000 0.003906 0.003906 0.003906 
0.003906 0.003906 0.003906 0.003906 0.003906 0.003906 0.007812 0.027344 0.183594 0.375000 0.710938 0.894531 1.113281 1.210938 1.328125 1.402344 1.539062 1.585938 1.609375 1.167969 0.929688 0.410156 0.214844 0.039062 0.003906 0.007812 0.003906 0.003906 
0.003906 0.003906 0.003906 0.003906 0.003906 0.003906 0.003906 0.078125 0.343750 0.718750 1.128906 1.460938 1.609375 1.769531 1.750000 1.714844 1.636719 1.449219 1.148438 0.652344 0.343750 0.164062 0.132812 0.027344 0.007812 0.007812 0.003906 0.003906 
0.003906 0.003906 0.003906 0.003906 0.003906 0.003906 0.007812 0.195312 0.523438 1.046875 1.312500 1.480469 1.390625 1.394531 1.187500 1.042969 0.800781 0.632812 0.402344 0.195312 0.000000 0.000000 0.031250 0.027344 0.003906 0.011719 0.003906 0.003906 
0.003906 0.003906 0.003906 0.003906 0.003906 0.003906 0.011719 0.347656 0.710938 1.179688 1.265625 1.082031 0.804688 0.656250 0.378906 0.332031 0.191406 0.058594 0.000000 0.000000 0.000000 0.023438 0.023438 0.015625 0.003906 0.007812 0.003906 0.003906 
0.003906 0.003906 0.003906 0.003906 0.003906 0.003906 0.027344 0.503906 0.753906 1.300781 0.960938 0.781250 0.394531 0.238281 0.000000 0.000000 0.015625 0.000000 0.003906 0.050781 0.031250 0.035156 0.023438 0.015625 0.007812 0.007812 0.003906 0.003906 
0.003906 0.003906 0.003906 0.003906 0.003906 0.003906 0.039062 0.605469 0.851562 1.242188 0.882812 0.742188 0.535156 0.582031 0.550781 0.523438 0.402344 0.292969 0.148438 0.015625 0.058594 0.042969 0.007812 0.027344 0.003906 0.007812 0.003906 0.003906 
0.003906 0.003906 0.003906 0.003906 0.003906 0.003906 0.054688 0.656250 0.910156 1.289062 1.093750 1.085938 1.195312 1.300781 1.300781 1.218750 1.031250 0.710938 0.445312 0.156250 0.101562 0.058594 0.007812 0.019531 0.007812 0.007812 0.003906 0.003906 
0.003906 0.003906 0.003906 0.003906 0.003906 0.003906 0.039062 0.656250 0.914062 1.289062 1.371094 1.535156 1.656250 1.695312 1.750000 1.597656 1.378906 1.046875 0.769531 0.347656 0.074219 0.074219 0.023438 0.019531 0.003906 0.007812 0.003906 0.003906 
0.003906 0.003906 0.003906 0.003906 0.003906 0.003906 0.023438 0.488281 0.835938 1.140625 1.156250 1.476562 1.480469 1.269531 1.128906 1.183594 1.093750 0.871094 0.863281 0.546875 0.253906 0.082031 0.027344 0.007812 0.003906 0.003906 0.003906 0.003906 
0.003906 0.003906 0.003906 0.003906 0.003906 0.003906 0.003906 0.285156 0.546875 0.671875 0.699219 0.738281 0.605469 0.472656 0.433594 0.515625 0.753906 0.750000 0.679688 0.687500 0.402344 0.152344 0.070312 0.011719 0.003906 0.003906 0.003906 0.003906 
0.003906 0.003906 0.003906 0.003906 0.003906 0.003906 0.003906 0.082031 0.308594 0.203125 0.171875 0.132812 0.089844 0.000000 0.000000 0.175781 0.539062 0.710938 0.613281 0.851562 0.566406 0.273438 0.128906 0.000000 0.007812 0.003906 0.003906 0.003906 
0.003906 0.003906 0.003906 0.003906 0.003906 0.003906 0.003906 0.015625 0.066406 0.089844 0.000000 0.000000 0.000000 0.000000 0.007812 0.054688 0.480469 0.757812 0.785156 0.675781 0.648438 0.347656 0.199219 0.015625 0.011719 0.003906 0.003906 0.003906 
0.003906 0.003906 0.003906 0.003906 0.003906 0.003906 0.007812 0.015625 0.027344 0.011719 0.050781 0.031250 0.000000 0.023438 0.039062 0.042969 0.347656 0.808594 0.921875 0.734375 0.589844 0.437500 0.214844 0.007812 0.011719 0.003906 0.003906 0.003906 
0.003906 0.003906 0.003906 0.003906 0.003906 0.003906 0.007812 0.058594 0.109375 0.207031 0.203125 0.230469 0.175781 0.097656 0.078125 0.085938 0.398438 0.878906 0.968750 0.859375 0.464844 0.351562 0.179688 0.019531 0.011719 0.003906 0.003906 0.003906 
0.003906 0.003906 0.003906 0.003906 0.003906 0.003906 0.007812 0.167969 0.320312 0.652344 0.691406 0.644531 0.476562 0.234375 0.128906 0.203125 0.617188 0.953125 1.093750 0.835938 0.359375 0.304688 0.093750 0.007812 0.007812 0.003906 0.003906 0.003906 
0.003906 0.003906 0.003906 0.003906 0.003906 0.003906 0.003906 0.316406 0.648438 1.042969 1.195312 1.062500 0.816406 0.566406 0.429688 0.550781 1.011719 1.320312 1.105469 0.824219 0.300781 0.210938 0.035156 0.015625 0.011719 0.003906 0.003906 0.003906 
0.003906 0.003906 0.003906 0.003906 0.003906 0.003906 0.011719 0.390625 0.765625 1.285156 1.382812 1.296875 1.175781 1.042969 1.054688 1.242188 1.476562 1.582031 1.074219 0.687500 0.296875 0.214844 0.011719 0.007812 0.007812 0.003906 0.003906 0.003906 
0.003906 0.003906 0.003906 0.003906 0.003906 0.003906 0.015625 0.292969 0.703125 1.066406 1.273438 1.339844 1.488281 1.617188 1.710938 1.667969 1.714844 1.402344 0.812500 0.359375 0.164062 0.113281 0.015625 0.011719 0.007812 0.003906 0.003906 0.003906 
0.003906 0.003906 0.003906 0.003906 0.003906 0.003906 0.027344 0.117188 0.492188 0.613281 0.851562 1.023438 1.144531 1.316406 1.402344 1.343750 1.058594 0.679688 0.355469 0.039062 0.046875 0.042969 0.003906 0.000000 0.000000 0.003906 0.003906 0.003906 
0.003906 0.003906 0.003906 0.003906 0.003906 0.003906 0.015625 0.046875 0.179688 0.312500 0.324219 0.355469 0.468750 0.507812 0.527344 0.410156 0.316406 0.136719 0.000000 0.000000 0.000000 0.011719 0.000000 0.003906 0.003906 0.003906 0.003906 0.003906 
0.003906 0.003906 0.003906 0.003906 0.003906 0.003906 0.019531 0.007812 0.046875 0.082031 0.109375 0.058594 0.003906 0.000000 0.000000 0.000000 0.000000 0.000000 0.000000 0.011719 0.011719 0.011719 0.011719 0.003906 0.003906 0.003906 0.003906 0.003906 
0.003906 0.003906 0.003906 0.003906 0.003906 0.003906 0.011719 0.023438 0.011719 0.015625 0.019531 0.015625 0.015625 0.011719 0.023438 0.035156 0.023438 0.019531 0.019531 0.019531 0.011719 0.011719 0.011719 0.007812 0.003906 0.003906 0.003906 0.003906 

0.027344 0.027344 0.027344 0.027344 0.027344 0.027344 0.023438 0.027344 0.015625 0.011719 0.015625 0.011719 0.011719 0.015625 0.007812 0.015625 0.015625 0.023438 0.023438 0.031250 0.015625 0.019531 0.019531 0.035156 0.015625 0.027344 0.027344 0.027344 
0.027344 0.027344 0.027344 0.027344 0.027344 0.027344 0.031250 0.027344 0.023438 0.027344 0.027344 0.027344 0.027344 0.027344 0.023438 0.019531 0.035156 0.039062 0.023438 0.035156 0.035156 0.031250 0.015625 0.027344 0.027344 0.023438 0.027344 0.027344 
0.027344 0.027344 0.027344 0.027344 0.027344 0.027344 0.023438 0.011719 0.011719 0.035156 0.035156 0.031250 0.035156 0.023438 0.019531 0.015625 0.039062 0.035156 0.035156 0.019531 0.046875 0.031250 0.035156 0.035156 0.035156 0.019531 0.027344 0.027344 
0.027344 0.027344 0.027344 0.027344 0.027344 0.027344 0.019531 0.019531 0.027344 0.039062 0.015625 0.015625 0.031250 0.039062 0.000000 0.000000 0.000000 0.000000 0.000000 0.000000 0.000000 0.000000 0.000000 0.046875 0.035156 0.027344 0.027344 0.027344 
0.027344 0.027344 0.027344 0.027344 0.027344 0.027344 0.019531 0.039062 0.000000 0.000000 0.000000 0.000000 0.000000 0.000000 0.000000 0.000000 0.000000 0.000000 0.000000 0.000000 0.000000 0.000000 0.000000 0.027344 0.039062 0.027344 0.027344 0.027344 
0.027344 0.027344 0.027344 0.027344 0.027344 0.027344 0.035156 0.039062 0.000000 0.000000 0.000000 0.000000 0.000000 0.000000 0.000000 0.000000 0.000000 0.000000 0.000000 0.000000 0.109375 0.246094 0.000000 0.000000 0.035156 0.027344 0.027344 0.027344 
0.027344 0.027344 0.027344 0.027344 0.027344 0.027344 0.042969 0.003906 0.000000 0.000000 0.000000 0.000000 0.000000 0.000000 0.000000 0.000000 0.371094 0.871094 1.281250 1.281250 0.886719 0.523438 0.070312 0.027344 0.039062 0.015625 0.027344 0.027344 
0.027344 0.027344 0.027344 0.027344 0.027344 0.027344 0.027344 0.000000 0.000000 0.000000 0.000000 0.593750 0.996094 1.175781 1.359375 1.597656 1.902344 2.066406 2.097656 1.679688 1.066406 0.660156 0.167969 0.031250 0.039062 0.027344 0.027344 0.027344 
0.027344 0.027344 0.027344 0.027344 0.027344 0.027344 0.023438 0.000000 0.000000 0.000000 0.714844 1.617188 2.125000 2.109375 2.277344 2.273438 2.136719 1.941406 1.589844 1.074219 0.566406 0.375000 0.128906 0.050781 0.035156 0.027344 0.027344 0.027344 
0.027344 0.027344 0.027344 0.027344 0.027344 0.027344 0.007812 0.000000 0.000000 0.222656 1.316406 1.839844 2.003906 1.699219 1.566406 1.355469 1.136719 0.816406 0.554688 0.324219 0.187500 0.140625 0.062500 0.031250 0.046875 0.023438 0.027344 0.027344 
0.027344 0.027344 0.027344 0.027344 0.027344 0.027344 0.007812 0.000000 0.074219 0.464844 1.121094 1.019531 0.410156 0.000000 0.000000 0.000000 0.000000 0.031250 0.039062 0.042969 0.058594 0.003906 0.050781 0.031250 0.039062 0.027344 0.027344 0.027344 
0.027344 0.027344 0.027344 0.027344 0.027344 0.027344 0.000000 0.000000 0.250000 0.343750 0.550781 0.000000 0.000000 0.000000 0.000000 0.000000 0.000000 0.000000 0.000000 0.000000 0.031250 0.046875 0.050781 0.042969 0.039062 0.023438 0.027344 0.027344 
0.027344 0.027344 0.027344 0.027344 0.027344 0.027344 0.039062 0.125000 0.484375 0.285156 0.355469 0.000000 0.000000 0.000000 0.000000 0.000000 0.000000 0.000000 0.000000 0.000000 0.000000 0.031250 0.050781 0.035156 0.046875 0.023438 0.027344 0.027344 
0.027344 0.027344 0.027344 0.027344 0.027344 0.027344 0.058594 0.355469 0.851562 0.609375 0.996094 1.023438 1.023438 1.253906 1.507812 1.148438 0.582031 0.195312 0.000000 0.000000 0.000000 0.015625 0.082031 0.027344 0.035156 0.027344 0.027344 0.027344 
0.027344 0.027344 0.027344 0.027344 0.027344 0.027344 0.066406 0.484375 1.117188 1.312500 1.859375 2.218750 2.187500 2.167969 2.191406 1.996094 1.503906 0.773438 0.222656 0.062500 0.000000 0.000000 0.035156 0.050781 0.039062 0.027344 0.027344 0.027344 
0.027344 0.027344 0.027344 0.027344 0.027344 0.027344 0.042969 0.476562 0.988281 1.417969 1.957031 2.093750 2.000000 1.753906 1.617188 1.539062 1.371094 0.804688 0.285156 0.187500 0.089844 0.000000 0.000000 0.039062 0.023438 0.027344 0.027344 0.027344 
0.027344 0.027344 0.027344 0.027344 0.027344 0.027344 0.027344 0.257812 0.695312 0.847656 1.082031 1.121094 0.910156 0.648438 0.550781 0.769531 0.812500 0.660156 0.347656 0.386719 0.367188 0.019531 0.000000 0.039062 0.027344 0.027344 0.027344 0.027344 
0.027344 0.027344 0.027344 0.027344 0.027344 0.027344 0.023438 0.062500 0.214844 0.273438 0.214844 0.242188 0.187500 0.109375 0.058594 0.136719 0.402344 0.367188 0.238281 0.429688 0.703125 0.242188 0.000000 0.046875 0.019531 0.023438 0.027344 0.027344 
0.027344 0.027344 0.027344 0.027344 0.027344 0.027344 0.027344 0.011719 0.000000 0.000000 0.000000 0.000000 0.000000 0.000000 0.015625 0.019531 0.027344 0.105469 0.273438 0.761719 0.925781 0.441406 0.000000 0.035156 0.035156 0.027344 0.027344 0.027344 
0.027344 0.027344 0.027344 0.027344 0.027344 0.027344 0.027344 0.000000 0.000000 0.000000 0.000000 0.000000 0.000000 0.000000 0.000000 0.000000 0.000000 0.000000 0.371094 0.921875 1.000000 0.441406 0.121094 0.066406 0.023438 0.023438 0.027344 0.027344 
0.027344 0.027344 0.027344 0.027344 0.027344 0.027344 0.035156 0.000000 0.000000 0.000000 0.000000 0.000000 0.000000 0.000000 0.000000 0.000000 0.000000 0.000000 0.683594 0.890625 0.941406 0.328125 0.085938 0.046875 0.039062 0.027344 0.027344 0.027344 
0.027344 0.027344 0.027344 0.027344 0.027344 0.027344 0.019531 0.000000 0.000000 0.000000 0.000000 0.000000 0.000000 0.000000 0.000000 0.000000 0.000000 0.308594 0.917969 0.980469 0.753906 0.171875 0.101562 0.054688 0.027344 0.023438 0.027344 0.027344 
0.027344 0.027344 0.027344 0.027344 0.027344 0.027344 0.019531 0.121094 0.519531 0.773438 0.722656 0.425781 0.000000 0.000000 0.000000 0.000000 0.281250 1.238281 1.363281 1.031250 0.675781 0.140625 0.039062 0.046875 0.042969 0.027344 0.027344 0.027344 
0.027344 0.027344 0.027344 0.027344 0.027344 0.027344 0.011719 0.343750 0.855469 1.339844 1.609375 1.476562 1.234375 0.960938 0.855469 1.175781 1.746094 2.003906 1.480469 0.937500 0.597656 0.140625 0.054688 0.046875 0.035156 0.027344 0.027344 0.027344 
0.027344 0.027344 0.027344 0.027344 0.027344 0.027344 0.039062 0.300781 0.828125 1.238281 1.691406 1.988281 2.007812 2.078125 2.140625 2.257812 2.171875 1.863281 1.226562 0.640625 0.359375 0.105469 0.031250 0.039062 0.039062 0.027344 0.027344 0.027344 
0.027344 0.027344 0.027344 0.027344 0.027344 0.027344 0.027344 0.136719 0.437500 0.855469 1.191406 1.625000 1.886719 1.957031 1.957031 1.800781 1.464844 1.000000 0.535156 0.285156 0.121094 0.039062 0.027344 0.031250 0.027344 0.027344 0.027344 0.027344 
0.027344 0.027344 0.027344 0.027344 0.027344 0.027344 0.039062 0.050781 0.136719 0.300781 0.441406 0.574219 0.675781 0.753906 0.781250 0.660156 0.445312 0.335938 0.214844 0.082031 0.035156 0.031250 0.035156 0.023438 0.027344 0.027344 0.027344 0.027344 
0.027344 0.027344 0.027344 0.027344 0.027344 0.027344 0.035156 0.046875 0.031250 0.054688 0.050781 0.050781 0.050781 0.054688 0.050781 0.058594 0.046875 0.058594 0.054688 0.035156 0.039062 0.039062 0.039062 0.035156 0.027344 0.027344 0.027344 0.027344 

0.003906 0.003906 0.003906 0.003906 0.003906 0.003906 0.003906 0.003906 0.007812 0.011719 0.007812 0.000000 0.003906 0.003906 0.003906 0.003906 0.000000 0.000000 0.007812 0.015625 0.007812 0.000000 0.000000 0.007812 0.003906 0.003906 0.003906 0.003906 
0.003906 0.003906 0.003906 0.003906 0.003906 0.003906 0.000000 0.003906 0.000000 0.003906 0.003906 0.000000 0.003906 0.007812 0.003906 0.007812 0.003906 0.007812 0.015625 0.023438 0.023438 0.007812 0.019531 0.027344 0.011719 0.000000 0.003906 0.003906 
0.003906 0.003906 0.003906 0.003906 0.003906 0.003906 0.000000 0.007812 0.003906 0.003906 0.011719 0.019531 0.019531 0.027344 0.019531 0.019531 0.003906 0.011719 0.023438 0.023438 0.019531 0.019531 0.007812 0.023438 0.007812 0.003906 0.003906 0.003906 
0.003906 0.003906 0.003906 0.003906 0.003906 0.003906 0.000000 0.000000 0.000000 0.015625 0.019531 0.019531 0.007812 0.000000 0.035156 0.078125 0.117188 0.105469 0.000000 0.000000 0.000000 0.000000 0.000000 0.015625 0.023438 0.015625 0.003906 0.003906 
0.003906 0.003906 0.003906 0.003906 0.003906 0.003906 0.000000 0.000000 0.042969 0.105469 0.113281 0.058594 0.000000 0.000000 0.000000 0.000000 0.000000 0.000000 0.000000 0.000000 0.000000 0.000000 0.000000 0.000000 0.027344 0.007812 0.003906 0.003906 
0.003906 0.003906 0.003906 0.003906 0.003906 0.003906 0.000000 0.011719 0.031250 0.023438 0.000000 0.000000 0.000000 0.000000 0.000000 0.000000 0.000000 0.000000 0.000000 0.355469 0.648438 0.617188 0.300781 0.046875 0.015625 0.000000 0.003906 0.003906 
0.003906 0.003906 0.003906 0.003906 0.003906 0.003906 0.000000 0.023438 0.046875 0.000000 0.000000 0.000000 0.140625 0.269531 0.242188 0.257812 0.390625 0.761719 1.167969 1.660156 1.582031 1.234375 0.511719 0.062500 0.007812 0.000000 0.003906 0.003906 
0.003906 0.003906 0.003906 0.003906 0.003906 0.003906 0.000000 0.046875 0.000000 0.000000 0.000000 0.234375 0.773438 1.132812 1.296875 1.437500 1.503906 1.742188 1.933594 2.304688 1.820312 1.179688 0.375000 0.031250 0.015625 0.019531 0.003906 0.003906 
0.003906 0.003906 0.003906 0.003906 0.003906 0.003906 0.000000 0.000000 0.000000 0.000000 0.218750 1.007812 1.656250 1.890625 1.957031 1.968750 1.953125 1.785156 1.570312 1.480469 1.031250 0.593750 0.191406 0.027344 0.023438 0.011719 0.003906 0.003906 
0.003906 0.003906 0.003906 0.003906 0.003906 0.003906 0.011719 0.000000 0.000000 0.000000 0.589844 1.445312 1.746094 1.593750 1.398438 1.246094 1.152344 0.953125 0.773438 0.570312 0.316406 0.117188 0.058594 0.035156 0.039062 0.007812 0.003906 0.003906 
0.003906 0.003906 0.003906 0.003906 0.003906 0.003906 0.000000 0.000000 0.000000 0.164062 1.160156 1.734375 1.566406 0.902344 0.476562 0.320312 0.152344 0.003906 0.000000 0.000000 0.035156 0.027344 0.023438 0.023438 0.023438 0.011719 0.003906 0.003906 
0.003906 0.003906 0.003906 0.003906 0.003906 0.003906 0.000000 0.000000 0.000000 0.453125 1.601562 1.597656 0.886719 0.000000 0.000000 0.000000 0.000000 0.000000 0.000000 0.000000 0.000000 0.050781 0.039062 0.039062 0.023438 0.007812 0.003906 0.003906 
0.003906 0.003906 0.003906 0.003906 0.003906 0.003906 0.000000 0.000000 0.000000 0.570312 1.570312 1.519531 0.792969 0.132812 0.285156 0.558594 0.734375 0.664062 0.316406 0.000000 0.000000 0.015625 0.035156 0.031250 0.031250 0.011719 0.003906 0.003906 
0.003906 0.003906 0.003906 0.003906 0.003906 0.003906 0.000000 0.000000 0.000000 0.695312 1.500000 1.566406 1.160156 1.109375 1.375000 1.648438 1.699219 1.550781 1.125000 0.460938 0.003906 0.000000 0.046875 0.035156 0.023438 0.011719 0.003906 0.003906 
0.003906 0.003906 0.003906 0.003906 0.003906 0.003906 0.000000 0.000000 0.000000 0.562500 1.468750 1.875000 1.832031 1.886719 1.976562 2.003906 1.867188 1.800781 1.535156 0.968750 0.144531 0.000000 0.007812 0.046875 0.015625 0.007812 0.003906 0.003906 
0.003906 0.003906 0.003906 0.003906 0.003906 0.003906 0.000000 0.000000 0.000000 0.394531 1.156250 1.621094 1.718750 1.574219 1.277344 1.042969 1.054688 1.421875 1.445312 1.265625 0.589844 0.019531 0.000000 0.027344 0.015625 0.007812 0.003906 0.003906 
0.003906 0.003906 0.003906 0.003906 0.003906 0.003906 0.000000 0.000000 0.000000 0.214844 0.679688 0.906250 0.933594 0.800781 0.539062 0.191406 0.230469 0.695312 1.105469 1.226562 1.019531 0.335938 0.023438 0.023438 0.003906 0.000000 0.003906 0.003906 
0.003906 0.003906 0.003906 0.003906 0.003906 0.003906 0.003906 0.000000 0.000000 0.066406 0.242188 0.320312 0.269531 0.152344 0.062500 0.000000 0.000000 0.085938 0.789062 1.218750 1.242188 0.683594 0.144531 0.015625 0.015625 0.003906 0.003906 0.003906 
0.003906 0.003906 0.003906 0.003906 0.003906 0.003906 0.000000 0.007812 0.078125 0.105469 0.035156 0.000000 0.000000 0.000000 0.000000 0.000000 0.000000 0.000000 0.347656 1.058594 1.359375 1.046875 0.351562 0.039062 0.019531 0.003906 0.003906 0.003906 
0.003906 0.003906 0.003906 0.003906 0.003906 0.003906 0.000000 0.039062 0.035156 0.000000 0.000000 0.000000 0.000000 0.000000 0.000000 0.070312 0.000000 0.000000 0.226562 1.121094 1.488281 1.125000 0.394531 0.054688 0.019531 0.003906 0.003906 0.003906 
0.003906 0.003906 0.003906 0.003906 0.003906 0.003906 0.000000 0.000000 0.000000 0.000000 0.015625 0.226562 0.347656 0.179688 0.035156 0.000000 0.000000 0.000000 0.179688 1.296875 1.539062 0.921875 0.238281 0.050781 0.023438 0.003906 0.003906 0.003906 
0.003906 0.003906 0.003906 0.003906 0.003906 0.003906 0.003906 0.000000 0.000000 0.019531 0.566406 1.046875 0.988281 0.488281 0.000000 0.000000 0.000000 0.000000 0.738281 1.632812 1.562500 0.738281 0.113281 0.035156 0.019531 0.003906 0.003906 0.003906 
0.003906 0.003906 0.003906 0.003906 0.003906 0.003906 0.000000 0.000000 0.000000 0.101562 1.156250 1.816406 1.550781 0.851562 0.207031 0.000000 0.000000 0.531250 1.691406 1.945312 1.484375 0.500000 0.039062 0.046875 0.031250 0.007812 0.003906 0.003906 
0.003906 0.003906 0.003906 0.003906 0.003906 0.003906 0.007812 0.000000 0.000000 0.199219 1.109375 1.863281 1.828125 1.378906 0.976562 0.921875 1.234375 1.765625 2.335938 1.890625 1.132812 0.285156 0.023438 0.027344 0.019531 0.007812 0.003906 0.003906 
0.003906 0.003906 0.003906 0.003906 0.003906 0.003906 0.000000 0.000000 0.000000 0.238281 0.914062 1.574219 1.875000 1.847656 1.718750 1.757812 1.953125 2.144531 1.980469 1.234375 0.554688 0.121094 0.023438 0.023438 0.015625 0.007812 0.003906 0.003906 
0.003906 0.003906 0.003906 0.003906 0.003906 0.003906 0.000000 0.000000 0.000000 0.000000 0.359375 0.781250 1.109375 1.250000 1.335938 1.433594 1.464844 1.355469 0.960938 0.480469 0.171875 0.035156 0.007812 0.000000 0.003906 0.003906 0.003906 0.003906 
0.003906 0.003906 0.003906 0.003906 0.003906 0.003906 0.000000 0.000000 0.000000 0.000000 0.019531 0.226562 0.429688 0.546875 0.574219 0.691406 0.699219 0.539062 0.277344 0.082031 0.015625 0.007812 0.011719 0.007812 0.007812 0.003906 0.003906 0.003906 
0.003906 0.003906 0.003906 0.003906 0.003906 0.003906 0.000000 0.015625 0.019531 0.035156 0.027344 0.023438 0.019531 0.023438 0.015625 0.027344 0.027344 0.042969 0.039062 0.031250 0.011719 0.015625 0.019531 0.019531 0.007812 0.003906 0.003906 0.003906 

