-0.023499 -0.007507 0.074768 0.060730 0.054016 -0.026138 0.007492 
-0.034210 0.007843 0.103027 0.096802 0.089966 -0.009949 -0.025223 
-0.049286 -0.033539 0.052185 0.038025 0.026138 -0.080933 -0.004364 
-0.062012 -0.047729 0.034058 0.019440 0.006317 -0.096191 -0.011360 
-0.065735 -0.038879 0.034851 0.014435 -0.004089 -0.094299 -0.021347 
-0.061707 -0.025330 0.039062 0.042419 0.022247 -0.057281 -0.014771 
0.000566 -0.003262 0.044617 0.054840 0.045837 -0.019394 0.050018 

-0.133789 -0.168823 -0.191650 -0.188965 -0.187500 -0.202026 -0.143921 
-0.053650 -0.113647 -0.133057 -0.131226 -0.133301 -0.140869 -0.106506 
-0.096497 -0.134399 -0.152100 -0.157349 -0.159546 -0.172119 -0.173096 
-0.100403 -0.137939 -0.147949 -0.158447 -0.142700 -0.160278 -0.169067 
-0.089600 -0.144409 -0.135620 -0.154663 -0.135864 -0.145752 -0.158447 
-0.046936 -0.091492 -0.090454 -0.117981 -0.096069 -0.100281 -0.102234 
-0.176270 -0.233521 -0.267090 -0.282227 -0.259766 -0.267822 -0.245850 

0.400391 0.310303 0.333740 0.346924 0.344482 0.242554 0.289307 
0.449707 0.334717 0.355713 0.378662 0.356201 0.270996 0.290283 
0.507324 0.369629 0.370361 0.390869 0.365723 0.323975 0.324951 
0.510742 0.373535 0.383301 0.395996 0.381592 0.329590 0.331299 
0.511230 0.366211 0.367432 0.375488 0.370117 0.328613 0.334229 
0.489014 0.309326 0.343506 0.357910 0.350586 0.303955 0.409424 
0.505371 0.382324 0.418945 0.418945 0.413330 0.371826 0.446045 

-0.253906 -0.094727 -0.151489 -0.153076 -0.147339 -0.058044 -0.058807 
-0.092407 0.037598 -0.029877 -0.022202 -0.015656 0.086792 -0.028290 
-0.074768 0.060669 -0.004013 0.001144 0.000885 0.063110 -0.054230 
-0.078064 0.054443 -0.013351 -0.014740 -0.003799 0.061707 -0.049194 
-0.052277 0.060364 0.007050 -0.001450 0.010208 0.078918 -0.031235 
0.038818 0.162354 0.097290 0.086304 0.102295 0.186157 0.029129 
-0.093384 -0.026550 -0.069397 -0.078552 -0.068604 0.010078 -0.011230 

-0.004696 -0.048431 -0.061066 -0.049744 -0.051514 -0.062012 -0.002975 
-0.035706 -0.078979 -0.121399 -0.112610 -0.117554 -0.086121 0.014877 
-0.033203 -0.074402 -0.123230 -0.115723 -0.120117 -0.073059 0.036560 
-0.025650 -0.061615 -0.113525 -0.110229 -0.109009 -0.061554 0.036224 
-0.029572 -0.073425 -0.112305 -0.115662 -0.110901 -0.059448 0.028992 
0.036133 -0.012650 -0.018066 -0.025635 -0.023056 -0.024475 0.074585 
0.002472 -0.000356 -0.004642 -0.007530 -0.014130 -0.015945 -0.000000 

-0.241821 -0.194824 -0.235962 -0.246948 -0.237793 -0.174561 -0.100525 
-0.260254 -0.134644 -0.197144 -0.193970 -0.185059 -0.100708 -0.125244 
-0.253418 -0.121216 -0.211182 -0.204590 -0.194824 -0.098816 -0.135254 
-0.248291 -0.116211 -0.204834 -0.201782 -0.187378 -0.089600 -0.128906 
-0.243530 -0.103577 -0.187378 -0.188843 -0.170532 -0.076904 -0.114014 
-0.284668 -0.135498 -0.216919 -0.221680 -0.207764 -0.109741 -0.145874 
-0.253174 -0.257080 -0.302979 -0.310791 -0.297363 -0.258545 -0.208374 

0.197388 0.230835 0.263672 0.260010 0.265137 0.202881 0.177002 
0.012482 -0.009232 0.047394 0.038177 0.036560 -0.003643 0.014572 
0.029037 -0.031799 0.011681 0.003262 -0.000113 0.004215 0.009544 
0.034912 -0.029251 0.015701 0.006710 0.000410 0.003248 0.008736 
0.028549 -0.026779 0.006451 0.000066 -0.011772 -0.006783 0.002054 
0.057312 -0.023087 0.060516 0.069214 0.052643 0.014877 0.025238 
0.095764 0.020370 0.055481 0.063293 0.056122 0.027039 0.106995 

-0.062622 -0.034790 -0.067383 -0.071228 -0.089111 -0.022598 -0.044830 
0.021362 0.142334 0.055908 0.057648 0.033752 0.108704 -0.057800 
-0.014961 0.134033 0.025940 0.021744 0.006474 0.081116 -0.050690 
-0.025543 0.107056 0.002880 -0.008316 -0.016617 0.075806 -0.050476 
-0.001553 0.108582 0.009567 -0.009766 -0.021957 0.065186 -0.062927 
0.121399 0.145630 0.062073 0.029724 0.025162 0.103882 -0.037628 
0.037262 -0.035522 -0.095703 -0.123657 -0.131104 -0.062317 -0.041870 

-0.000504 0.060608 0.057648 0.050934 0.065918 0.126099 0.048859 
-0.123413 -0.125122 -0.140137 -0.144043 -0.138062 -0.049438 -0.061707 
-0.170166 -0.224609 -0.209106 -0.214478 -0.195923 -0.115540 -0.098450 
-0.178833 -0.227417 -0.220337 -0.206787 -0.192993 -0.128784 -0.106750 
-0.207275 -0.238770 -0.249268 -0.229736 -0.229614 -0.163086 -0.116577 
-0.284424 -0.304443 -0.292236 -0.264648 -0.262939 -0.178467 -0.147217 
-0.170654 -0.117798 -0.112183 -0.110657 -0.094666 -0.058899 -0.094543 

-0.043030 -0.045380 -0.056488 -0.066101 -0.060760 -0.054138 -0.025513 
0.028122 0.013573 -0.015884 -0.025482 -0.014740 0.010170 0.047974 
0.007149 -0.028137 -0.045166 -0.052399 -0.043335 -0.029526 0.029846 
0.002983 -0.033539 -0.052460 -0.056580 -0.050903 -0.034088 0.026794 
0.002792 -0.031647 -0.056427 -0.055573 -0.052460 -0.027222 0.029465 
0.018982 0.005432 -0.007374 -0.005730 -0.002512 0.039093 0.085876 
-0.011139 0.024475 0.008530 0.015015 0.014984 0.048798 0.039337 

0.150635 0.150757 0.219849 0.207764 0.231689 0.148438 0.135498 
0.238892 0.245850 0.315674 0.302246 0.330078 0.245483 0.200439 
0.218140 0.195435 0.262207 0.259277 0.280273 0.214355 0.191040 
0.224121 0.235596 0.287109 0.310547 0.315674 0.237793 0.208008 
0.208130 0.241455 0.259521 0.297607 0.298584 0.223267 0.192139 
0.210938 0.250244 0.290039 0.325439 0.323975 0.258057 0.187866 
0.168091 0.180420 0.208618 0.226074 0.221313 0.188477 0.194458 

0.152832 0.050446 -0.005920 0.007690 0.001022 0.014992 -0.022842 
0.370361 0.135498 0.083618 0.082336 0.086548 0.083679 0.135620 
0.307617 0.082764 0.018982 0.017029 0.015778 0.022552 0.085266 
0.280029 0.024078 -0.026108 -0.040894 -0.035126 -0.019806 0.062317 
0.295166 0.021088 -0.017700 -0.038208 -0.035522 -0.016815 0.067932 
0.411865 0.112427 0.000305 -0.020630 -0.007126 -0.016388 0.108459 
0.221191 0.122986 0.081665 0.078003 0.076111 0.081421 0.119324 

0.092468 -0.025162 -0.092163 -0.113281 -0.101562 -0.022751 0.041565 
-0.038635 -0.149780 -0.254883 -0.267578 -0.260742 -0.172729 -0.032440 
-0.078857 -0.177856 -0.282227 -0.293213 -0.281738 -0.204346 -0.040985 
-0.079346 -0.189087 -0.290283 -0.302734 -0.296143 -0.204590 -0.033508 
-0.072998 -0.178345 -0.278076 -0.287598 -0.280029 -0.197632 -0.033661 
-0.107178 -0.197754 -0.327637 -0.341309 -0.338623 -0.222412 -0.060150 
-0.004196 -0.080505 -0.172363 -0.178223 -0.181030 -0.106018 0.018982 

-0.112122 -0.032898 -0.005260 -0.009499 0.001132 -0.001507 -0.053070 
-0.034058 0.022339 0.065979 0.061554 0.069397 0.049438 0.003469 
-0.042145 -0.003698 0.035767 0.041626 0.048737 0.039795 0.004463 
-0.046906 -0.003044 0.025726 0.033112 0.037628 0.024857 -0.007626 
-0.047089 0.003075 0.018646 0.030396 0.033539 0.022980 -0.007812 
-0.014572 0.045898 0.060791 0.068176 0.066467 0.063782 0.018097 
-0.173950 -0.088501 -0.066956 -0.067871 -0.069885 -0.075073 -0.114197 

0.143066 0.137573 0.244995 0.268066 0.261719 0.185791 0.163940 
0.049164 0.011551 0.140869 0.148804 0.136719 0.020020 0.056183 
0.062744 0.044006 0.178467 0.188843 0.174316 0.047424 0.079956 
0.063538 0.043274 0.165405 0.177368 0.156616 0.038025 0.075806 
0.046936 0.037476 0.156006 0.163574 0.141602 0.032410 0.069092 
-0.098145 -0.094788 -0.017593 -0.007145 -0.019043 -0.128296 -0.030396 
-0.047058 -0.019867 0.045563 0.064636 0.050659 -0.002039 0.056488 

-0.178833 -0.064636 -0.050842 -0.050720 -0.049744 -0.045227 0.029999 
-0.142822 0.028122 0.030670 0.030731 0.025391 0.065063 0.149414 
-0.183350 0.015594 0.003784 0.001587 -0.004944 0.021332 0.095764 
-0.189453 0.024597 0.004242 0.001068 -0.000244 0.028687 0.105347 
-0.194336 0.035187 0.015839 0.013092 0.016479 0.038330 0.110535 
-0.173340 -0.002991 -0.023590 -0.022278 -0.015808 0.027390 0.098389 
-0.246094 -0.105774 -0.123108 -0.122803 -0.118652 -0.092041 -0.063843 

0.063477 0.012268 0.047668 0.044281 0.061707 0.075562 0.252686 
0.071899 0.112610 0.194824 0.189819 0.210693 0.157104 0.279297 
0.006348 0.015778 0.111328 0.118896 0.128540 0.072144 0.177612 
0.022980 0.048035 0.145630 0.170532 0.171387 0.104980 0.192627 
0.016251 0.081299 0.153809 0.192139 0.189087 0.116089 0.199341 
-0.065674 0.021667 0.060760 0.099243 0.087708 0.077881 0.172852 
0.157104 0.152588 0.142944 0.160156 0.159668 0.180176 0.309814 

0.332275 0.365967 0.397217 0.390625 0.398926 0.295654 0.264404 
0.177490 0.292969 0.381104 0.366211 0.376465 0.257568 0.164673 
0.211426 0.277832 0.328125 0.332520 0.334229 0.246460 0.177490 
0.218628 0.270264 0.328125 0.334961 0.328369 0.238892 0.191528 
0.195190 0.270508 0.298828 0.316162 0.305420 0.224243 0.181274 
0.121643 0.182495 0.218994 0.246338 0.226807 0.183105 0.151001 
0.119812 0.105347 0.159668 0.171997 0.178589 0.132935 0.156128 

-0.075439 -0.096436 -0.093750 -0.093018 -0.090088 -0.118408 0.016907 
-0.104919 -0.070862 -0.050049 -0.051514 -0.041443 -0.066040 0.028839 
-0.078796 -0.062073 -0.052185 -0.050293 -0.038452 -0.037842 0.056519 
-0.090393 -0.064880 -0.051880 -0.045105 -0.038330 -0.037109 0.052856 
-0.090515 -0.059753 -0.054565 -0.046448 -0.044556 -0.039185 0.047546 
-0.117249 -0.079590 -0.087891 -0.085510 -0.087952 -0.080811 0.013618 
-0.028992 -0.042053 -0.055939 -0.050232 -0.037781 -0.021362 0.015381 

-0.053772 -0.121277 -0.152466 -0.151978 -0.146484 -0.119751 -0.104065 
-0.044281 -0.144653 -0.200195 -0.200195 -0.188354 -0.112854 -0.101501 
0.028122 -0.098999 -0.157959 -0.152710 -0.140625 -0.077820 -0.055206 
0.040527 -0.079590 -0.141113 -0.131348 -0.114380 -0.057892 -0.040985 
0.042511 -0.054291 -0.121582 -0.116760 -0.101257 -0.054718 -0.039978 
0.017212 -0.041748 -0.096985 -0.101013 -0.095581 -0.058075 -0.067322 
0.025131 0.061127 0.035126 0.036774 0.042542 0.034576 -0.031921 

-0.202271 -0.215210 -0.241577 -0.244019 -0.242432 -0.188599 -0.223145 
-0.152954 -0.143188 -0.179688 -0.192261 -0.179810 -0.135620 -0.137329 
-0.114746 -0.089233 -0.156372 -0.156860 -0.141113 -0.080994 -0.101868 
-0.118225 -0.084961 -0.158081 -0.151367 -0.134644 -0.082520 -0.104431 
-0.127808 -0.082520 -0.166016 -0.151855 -0.140625 -0.084290 -0.110413 
-0.146362 -0.114258 -0.166260 -0.154785 -0.140869 -0.143188 -0.171143 
-0.231567 -0.230469 -0.230225 -0.225464 -0.212524 -0.210938 -0.247681 

-0.208252 -0.030869 -0.052643 -0.054443 -0.052338 -0.037415 -0.251221 
-0.076660 0.112366 0.065674 0.062073 0.058838 0.095032 -0.132202 
-0.085815 0.073975 -0.013916 -0.013382 -0.011124 0.067810 -0.137085 
-0.098450 0.061340 -0.031738 -0.036591 -0.027649 0.053802 -0.149780 
-0.098999 0.055786 -0.035370 -0.044861 -0.037140 0.050323 -0.146851 
-0.027908 0.135010 0.100403 0.087769 0.088379 0.113953 -0.101685 
-0.293945 -0.146606 -0.187256 -0.192383 -0.184082 -0.163818 -0.355469 

0.317139 0.361816 0.389893 0.376953 0.373047 0.334473 0.121277 
0.202148 0.242920 0.263428 0.258545 0.244629 0.199219 0.074585 
0.269043 0.302734 0.300537 0.292480 0.272461 0.250244 0.152466 
0.277344 0.316406 0.311035 0.295898 0.269287 0.254883 0.151367 
0.285400 0.315430 0.312988 0.299316 0.271240 0.262207 0.152710 
0.260742 0.300537 0.325439 0.312256 0.300293 0.288574 0.117859 
0.231812 0.344727 0.357178 0.348633 0.328125 0.304199 0.125732 

-0.050659 -0.090881 -0.102722 -0.095337 -0.096802 -0.083374 -0.009666 
-0.098450 -0.123352 -0.124878 -0.119507 -0.116943 -0.132935 -0.036926 
-0.128540 -0.153809 -0.149780 -0.144165 -0.142334 -0.155640 -0.080750 
-0.130859 -0.147217 -0.150391 -0.147461 -0.137573 -0.151489 -0.085449 
-0.137451 -0.152100 -0.159180 -0.155640 -0.146729 -0.151978 -0.086609 
-0.138672 -0.173950 -0.206299 -0.195068 -0.192505 -0.158691 -0.091675 
-0.092590 -0.173340 -0.197388 -0.187622 -0.187134 -0.170532 -0.057434 

0.002327 -0.046600 -0.070862 -0.058197 -0.065369 -0.050873 -0.036560 
-0.011589 -0.054169 -0.072632 -0.055298 -0.058716 -0.032867 -0.077759 
-0.054688 -0.127686 -0.156738 -0.140747 -0.151489 -0.119446 -0.132080 
-0.050629 -0.133301 -0.157471 -0.142822 -0.153687 -0.123779 -0.142334 
-0.046722 -0.125122 -0.149414 -0.134888 -0.145386 -0.116577 -0.140747 
-0.036652 -0.090393 -0.141479 -0.127930 -0.131226 -0.106445 -0.138184 
-0.084290 -0.150635 -0.173096 -0.169678 -0.173096 -0.147461 -0.109680 

-0.019257 0.012894 -0.037781 -0.044678 -0.035217 -0.007202 -0.027847 
-0.052887 0.087769 0.062622 0.069641 0.072632 0.104980 0.024628 
-0.058960 0.066528 0.014832 0.021179 0.028625 0.099731 0.025482 
-0.075195 0.052063 -0.000122 0.001526 0.004700 0.079041 0.021393 
-0.085205 0.036987 -0.009399 -0.004211 0.003540 0.076111 0.029449 
-0.087708 0.033081 0.011902 0.014954 0.017151 0.074463 0.061890 
-0.006943 0.072632 0.076233 0.075012 0.086487 0.113342 0.080566 

-0.195435 -0.286621 -0.290771 -0.273193 -0.284424 -0.338379 -0.307373 
-0.156006 -0.235596 -0.288574 -0.266846 -0.270996 -0.301514 -0.285156 
-0.221680 -0.246338 -0.287598 -0.286377 -0.294678 -0.328613 -0.319092 
-0.234741 -0.274658 -0.319580 -0.331055 -0.321289 -0.350586 -0.320801 
-0.202515 -0.269775 -0.287598 -0.313965 -0.300781 -0.333008 -0.301270 
-0.167725 -0.281250 -0.335449 -0.360840 -0.347412 -0.383545 -0.335205 
-0.170166 -0.268311 -0.261230 -0.268311 -0.268555 -0.332031 -0.343018 

0.106934 -0.044861 -0.092346 -0.096924 -0.092468 -0.061401 0.113525 
-0.010414 -0.127197 -0.185669 -0.185303 -0.179199 -0.156494 0.005768 
-0.018784 -0.095276 -0.155273 -0.144775 -0.136841 -0.151245 0.013748 
-0.010376 -0.084839 -0.149902 -0.137451 -0.136719 -0.148438 0.011223 
-0.020355 -0.091858 -0.164429 -0.147217 -0.145020 -0.157959 0.010361 
-0.067871 -0.133667 -0.205566 -0.206421 -0.203857 -0.168945 -0.027573 
0.249146 0.147339 0.097778 0.097717 0.110229 0.152344 0.250977 

-0.013351 -0.048431 -0.107666 -0.111511 -0.101746 -0.066040 0.001076 
-0.010986 -0.117065 -0.179565 -0.180908 -0.172852 -0.121582 -0.032867 
-0.063110 -0.147461 -0.222412 -0.225830 -0.205811 -0.147217 -0.087341 
-0.062439 -0.158813 -0.216919 -0.223633 -0.198242 -0.144531 -0.090576 
-0.050751 -0.164307 -0.211670 -0.220703 -0.189697 -0.135254 -0.081299 
-0.030273 -0.145996 -0.198486 -0.206543 -0.184570 -0.139404 -0.072021 
0.003876 -0.017090 -0.066711 -0.078064 -0.064697 -0.020416 0.052368 

0.075317 0.047058 -0.005356 -0.004490 -0.000000 0.038879 0.073303 
0.137207 0.125366 0.060059 0.061310 0.068359 0.140259 0.166504 
0.152710 0.120728 0.049194 0.047424 0.049347 0.136841 0.170288 
0.147583 0.112183 0.035645 0.031830 0.042236 0.130981 0.164551 
0.152100 0.114319 0.034607 0.033264 0.043091 0.124329 0.170654 
0.088745 0.049988 -0.030731 -0.036621 -0.031189 0.072144 0.111145 
0.090820 0.051056 0.025162 0.026245 0.041473 0.081909 0.092346 

-0.076782 0.041718 0.052094 0.073486 0.057495 0.101685 -0.025116 
-0.086121 0.150146 0.127075 0.151978 0.134644 0.146973 -0.008911 
-0.002605 0.249756 0.178833 0.190063 0.177856 0.220215 0.032593 
0.009232 0.251709 0.203735 0.205566 0.197388 0.234863 0.038879 
0.013573 0.241089 0.208618 0.201538 0.196289 0.229126 0.039856 
0.013306 0.231934 0.200195 0.183594 0.187134 0.198242 0.012810 
-0.060669 0.064514 0.073669 0.074707 0.068665 0.089783 0.011665 

0.253174 0.129028 0.112671 0.101074 0.127319 0.159668 0.239746 
0.144531 0.009575 0.052246 0.053040 0.095276 0.108582 0.173950 
0.076538 -0.089294 -0.037659 -0.022797 0.020294 0.053864 0.137207 
0.080322 -0.049133 0.008728 0.042419 0.085205 0.109192 0.156006 
0.070862 -0.040649 0.001740 0.046570 0.079712 0.118225 0.152100 
0.125366 0.039978 0.089722 0.137573 0.156006 0.171387 0.187012 
0.223022 0.080994 0.069885 0.098511 0.119690 0.150879 0.161255 

-0.010231 -0.029114 -0.041504 -0.035767 -0.044250 -0.040344 -0.055634 
-0.141846 -0.124756 -0.154785 -0.145752 -0.145508 -0.110962 -0.179077 
-0.198364 -0.199951 -0.258057 -0.249268 -0.243530 -0.185669 -0.275635 
-0.203613 -0.221069 -0.265625 -0.267090 -0.249023 -0.182617 -0.272705 
-0.189941 -0.218506 -0.252197 -0.261719 -0.246094 -0.170654 -0.261230 
-0.160645 -0.165527 -0.193115 -0.201416 -0.197021 -0.158691 -0.253418 
-0.081970 -0.140259 -0.145142 -0.142212 -0.136230 -0.127808 -0.119568 

0.125244 0.139648 0.122070 0.116760 0.107483 0.089233 0.064026 
0.083984 0.111023 0.090454 0.092651 0.080811 0.078857 0.028595 
0.091492 0.067810 0.041992 0.049347 0.028992 0.058685 0.055817 
0.099365 0.072266 0.059296 0.073608 0.052490 0.085999 0.066162 
0.108154 0.062012 0.047852 0.054352 0.035583 0.071777 0.065186 
0.158081 0.141235 0.135376 0.141357 0.128784 0.109192 0.098450 
0.211914 0.248657 0.212036 0.208740 0.194824 0.150513 0.097290 

0.215698 0.319824 0.273926 0.266113 0.265381 0.348145 0.234497 
0.070251 0.082886 0.048584 0.038666 0.036011 0.131592 0.066406 
0.050415 0.057281 -0.002411 -0.015488 -0.010605 0.108643 0.057007 
0.039764 0.040649 -0.013702 -0.035583 -0.025970 0.095276 0.051178 
0.052338 0.055603 0.013092 -0.015076 -0.003647 0.110779 0.056244 
0.102234 0.094299 0.092651 0.065430 0.068787 0.126465 0.085571 
0.120728 0.112854 0.065735 0.058594 0.059967 0.112488 0.075256 

-0.114563 -0.119324 -0.107849 -0.110291 -0.114502 -0.123901 -0.145508 
0.001815 0.008995 0.016479 0.016815 0.010811 -0.034363 -0.083679 
0.059357 0.018692 0.031097 0.019775 0.004433 -0.017944 -0.044281 
0.059387 0.024597 0.036346 0.024460 0.013100 -0.012421 -0.040894 
0.067627 0.031189 0.042603 0.022736 0.003357 -0.019867 -0.043915 
0.109558 0.049591 0.065918 0.051025 0.045074 -0.016724 -0.013809 
-0.000684 0.033142 0.039703 0.046692 0.030426 0.006226 -0.046265 

0.046295 0.031647 0.060547 0.054077 0.045502 0.016968 -0.039062 
0.026840 0.008545 0.065308 0.060547 0.063171 0.040131 -0.000067 
0.099731 0.097168 0.146729 0.145142 0.158447 0.110046 0.052612 
0.093689 0.086609 0.139526 0.142578 0.153076 0.106445 0.055481 
0.079773 0.066101 0.120850 0.124268 0.133057 0.092773 0.047363 
0.034821 0.040894 0.115662 0.128662 0.131348 0.119568 0.013252 
0.059082 0.073792 0.107483 0.097412 0.108459 0.097351 0.034973 

-0.118835 -0.109985 -0.061218 -0.056458 -0.057831 -0.101624 -0.151245 
-0.122986 -0.111572 -0.048645 -0.058289 -0.053406 -0.085327 -0.129639 
-0.102234 -0.106873 -0.019485 -0.025497 -0.023346 -0.059662 -0.097351 
-0.102966 -0.101746 -0.011726 -0.009331 -0.007469 -0.047974 -0.083740 
-0.112427 -0.100769 -0.028961 -0.019241 -0.020599 -0.067749 -0.098389 
-0.219727 -0.197266 -0.127686 -0.119141 -0.125854 -0.167603 -0.170288 
-0.114563 -0.097839 -0.011993 -0.011826 -0.022385 -0.049744 -0.101929 

-0.110779 0.025436 0.085205 0.094360 0.090820 0.054138 0.016098 
-0.159180 0.024323 0.137451 0.144897 0.131958 0.047058 0.065857 
-0.134399 0.027542 0.126831 0.124695 0.111877 0.029572 0.044464 
-0.121216 0.040466 0.131714 0.127319 0.105713 0.034210 0.050140 
-0.141113 0.042236 0.128174 0.126709 0.099182 0.029388 0.040771 
-0.224854 -0.046661 -0.025208 -0.011795 -0.027985 -0.050842 -0.020477 
-0.117432 -0.047180 0.002724 0.018082 0.010712 -0.002926 0.042236 

-0.081787 -0.141357 -0.177246 -0.178711 -0.177490 -0.151001 -0.097534 
-0.146118 -0.236938 -0.274902 -0.270996 -0.274170 -0.212158 -0.121399 
-0.145386 -0.199585 -0.241821 -0.235596 -0.237061 -0.203247 -0.142700 
-0.137085 -0.191895 -0.229614 -0.223755 -0.219604 -0.190552 -0.134644 
-0.137939 -0.200073 -0.226807 -0.225342 -0.220947 -0.194092 -0.133667 
-0.088562 -0.178345 -0.222778 -0.228149 -0.221802 -0.181641 -0.107178 
-0.176147 -0.227661 -0.270752 -0.280029 -0.275146 -0.233887 -0.191406 

-0.086365 -0.111694 -0.056122 -0.058899 -0.055847 -0.083496 -0.065186 
-0.250244 -0.243408 -0.196289 -0.191406 -0.196289 -0.204224 -0.218262 
-0.306396 -0.300781 -0.216675 -0.220581 -0.230591 -0.276855 -0.269043 
-0.312744 -0.312988 -0.234863 -0.250000 -0.251953 -0.286133 -0.265381 
-0.283936 -0.273438 -0.197754 -0.219604 -0.218262 -0.255615 -0.246948 
-0.208496 -0.201416 -0.160278 -0.192261 -0.193237 -0.229248 -0.238403 
-0.172119 -0.254150 -0.220581 -0.218628 -0.209961 -0.263672 -0.175171 

0.234863 0.192383 0.198120 0.194946 0.190918 0.162842 0.127808 
0.186401 0.099182 0.117859 0.109863 0.108459 0.060608 0.054016 
0.214111 0.143799 0.189209 0.184326 0.186768 0.124451 0.091858 
0.219849 0.138916 0.182617 0.180542 0.179932 0.122375 0.090759 
0.219482 0.142090 0.186035 0.183105 0.178467 0.119202 0.084717 
0.209595 0.121033 0.159546 0.155518 0.147705 0.106018 0.090149 
0.194214 0.138550 0.158691 0.153687 0.150635 0.140137 0.122864 

-0.109497 -0.034760 -0.040649 -0.037598 -0.046417 -0.054077 -0.128296 
-0.126953 -0.084045 -0.071533 -0.064392 -0.071533 -0.052612 -0.074646 
-0.093262 -0.029236 -0.036499 -0.037933 -0.040009 -0.007217 -0.038818 
-0.105591 -0.037018 -0.052490 -0.063293 -0.054108 -0.014786 -0.043640 
-0.094788 -0.034363 -0.032623 -0.052765 -0.046204 -0.003616 -0.029678 
-0.004601 0.061646 0.092407 0.068726 0.067139 0.057495 -0.012589 
-0.062408 -0.027191 0.000763 -0.010231 -0.006294 -0.019562 -0.112610 

0.047089 0.021698 0.024368 0.020020 0.024765 0.110840 0.094482 
0.063599 -0.029846 0.032471 0.019531 0.025360 0.074524 0.092041 
0.142822 0.049164 0.086304 0.085510 0.086914 0.121582 0.148560 
0.137451 0.071899 0.089722 0.092712 0.085571 0.121582 0.147583 
0.136230 0.079468 0.083557 0.093201 0.089966 0.117126 0.155151 
0.097412 0.058899 0.029083 0.026764 0.025543 0.082153 0.066162 
-0.039917 -0.032654 -0.031647 -0.033691 -0.031250 0.034515 0.059875 

0.083618 0.047211 -0.014084 -0.010345 -0.019104 0.052521 0.142090 
0.042450 0.030792 -0.015274 -0.014389 -0.021683 0.060547 0.128540 
0.035309 0.023010 -0.023026 -0.025208 -0.029297 0.045105 0.120911 
0.028122 0.008141 -0.042236 -0.043945 -0.044556 0.028732 0.109497 
0.036102 0.019623 -0.023560 -0.023956 -0.029755 0.040588 0.103943 
0.027740 0.019775 -0.026703 -0.029327 -0.031647 0.039948 0.096069 
0.160645 0.034271 0.007881 0.011780 0.016251 0.069763 0.162842 

-0.031891 -0.117004 -0.149292 -0.148193 -0.152466 -0.115845 -0.110596 
-0.003536 -0.104370 -0.118774 -0.117188 -0.118958 -0.073669 -0.105408 
0.023529 -0.071472 -0.101013 -0.103455 -0.106262 -0.048431 -0.077698 
0.019882 -0.076111 -0.097168 -0.102417 -0.097351 -0.039246 -0.080322 
0.011597 -0.101562 -0.117188 -0.129395 -0.119324 -0.064331 -0.094666 
-0.008232 -0.112976 -0.110291 -0.122009 -0.118164 -0.072571 -0.083435 
-0.047302 -0.109314 -0.115662 -0.121094 -0.124329 -0.077332 -0.094910 

0.030365 -0.023560 -0.016449 -0.019287 -0.024872 -0.003872 0.058990 
0.053894 0.013573 0.065613 0.060730 0.060669 0.077209 0.097900 
0.043610 0.041229 0.078491 0.087463 0.079224 0.062561 0.037109 
0.046661 0.056671 0.079102 0.086365 0.074402 0.083618 0.038361 
0.036560 0.050018 0.070618 0.080505 0.069214 0.075745 0.038910 
-0.030075 -0.047729 -0.071045 -0.063354 -0.062561 -0.010551 -0.051849 
-0.008522 -0.035919 -0.063416 -0.060913 -0.049774 -0.004902 -0.030243 

-0.129761 -0.055481 -0.058258 -0.059601 -0.055115 -0.004459 -0.119568 
-0.066406 0.013298 0.009277 0.001153 0.011528 0.041626 -0.101135 
0.011528 0.026428 -0.003113 -0.011284 0.004372 0.065613 -0.051270 
0.023392 0.046539 0.006554 0.003794 0.007114 0.074585 -0.043732 
0.014145 0.031982 -0.016678 -0.011871 -0.008591 0.060638 -0.054199 
-0.014725 0.002600 -0.027573 -0.030014 -0.030579 0.038971 -0.061798 
-0.014603 0.075562 0.047729 0.045868 0.048553 0.082092 -0.021576 

-0.107300 -0.000354 -0.005112 0.007408 -0.005161 -0.090576 -0.167847 
-0.156494 -0.014435 -0.019775 0.000933 0.007252 -0.106934 -0.100891 
-0.116699 0.076538 0.070190 0.086426 0.096008 -0.018066 -0.060181 
-0.086121 0.084351 0.066345 0.081299 0.099243 -0.022156 -0.048340 
-0.082031 0.106201 0.103699 0.117554 0.140869 0.008850 -0.023270 
-0.152466 -0.042053 -0.080505 -0.058167 -0.041443 -0.105103 -0.111450 
-0.071411 0.109863 0.053619 0.064453 0.089844 0.092651 -0.083801 

0.001076 0.035828 0.022217 0.014198 0.018250 0.078735 -0.134033 
-0.065063 0.010605 0.019531 0.000656 0.004379 0.057770 -0.168213 
0.079773 0.170654 0.148804 0.137085 0.136963 0.200928 -0.033539 
0.114014 0.193481 0.174194 0.173828 0.161987 0.214355 -0.026779 
0.112854 0.198242 0.169922 0.179199 0.161865 0.204712 -0.024750 
0.095154 0.179443 0.199829 0.215210 0.200073 0.222290 0.036469 
0.000809 0.153442 0.131226 0.120483 0.118225 0.210449 -0.041626 

0.312256 0.432861 0.499512 0.504883 0.485352 0.494141 0.365967 
0.143677 0.339355 0.455078 0.466309 0.459473 0.387695 0.256348 
0.251221 0.381104 0.476074 0.493652 0.472412 0.382568 0.311768 
0.264893 0.408447 0.488037 0.497070 0.486328 0.391846 0.321777 
0.255371 0.439209 0.523438 0.538086 0.525879 0.419678 0.329346 
0.243408 0.417236 0.512207 0.517578 0.510254 0.356934 0.312988 
0.305664 0.307129 0.399658 0.413818 0.399414 0.285400 0.275391 

-0.290771 -0.209351 -0.230225 -0.222290 -0.219604 -0.202026 -0.222656 
-0.127808 -0.074219 -0.140137 -0.133057 -0.135864 -0.088135 -0.120789 
-0.050659 0.039612 -0.020157 -0.019150 -0.024628 0.020935 -0.044037 
-0.032135 0.049866 -0.000778 -0.010071 -0.006790 0.046326 -0.017883 
-0.014709 0.070801 0.024445 0.017822 0.027557 0.069946 -0.002844 
0.007362 0.055420 -0.018936 -0.029816 -0.023285 0.028778 -0.053833 
-0.100464 -0.149780 -0.209961 -0.210571 -0.197998 -0.140991 -0.130371 

0.032593 -0.029572 -0.021179 -0.030807 -0.024811 -0.032257 -0.000000 
0.058624 -0.043365 -0.046692 -0.060028 -0.059174 -0.028824 0.030609 
0.034790 -0.111206 -0.088501 -0.100281 -0.092346 -0.056976 0.001701 
0.042267 -0.108765 -0.083008 -0.091492 -0.082581 -0.046692 0.012024 
0.023880 -0.114014 -0.090576 -0.096313 -0.092285 -0.061157 0.002953 
-0.056610 -0.155396 -0.143555 -0.145142 -0.140503 -0.105225 -0.064941 
-0.005566 -0.088501 -0.075867 -0.074890 -0.064880 -0.032440 -0.051941 

-0.021484 0.053589 0.039429 0.058350 0.049011 -0.010483 0.022873 
0.108398 0.222290 0.171509 0.188232 0.162109 0.099670 0.105591 
0.176880 0.293701 0.254150 0.247803 0.228394 0.183960 0.139893 
0.194946 0.304443 0.277100 0.266846 0.265381 0.203979 0.160522 
0.204590 0.305420 0.296875 0.267578 0.279541 0.213013 0.168213 
0.232788 0.290527 0.254883 0.210449 0.231812 0.179199 0.158936 
-0.097046 -0.009308 -0.033905 -0.050354 -0.034332 -0.069885 -0.075806 

-0.323975 -0.208862 -0.248779 -0.258545 -0.239990 -0.226929 -0.267822 
-0.276611 -0.239136 -0.263428 -0.253662 -0.247192 -0.192383 -0.200073 
-0.352295 -0.263184 -0.267090 -0.264648 -0.252686 -0.230835 -0.224731 
-0.373291 -0.289551 -0.302246 -0.298096 -0.287109 -0.261475 -0.240845 
-0.371094 -0.297363 -0.307617 -0.307373 -0.293457 -0.257812 -0.227051 
-0.295410 -0.224365 -0.258057 -0.259766 -0.247925 -0.186523 -0.172241 
-0.501465 -0.356201 -0.370850 -0.375977 -0.354980 -0.309082 -0.416260 

-0.184204 -0.321533 -0.297607 -0.322021 -0.306396 -0.250244 -0.059448 
-0.194580 -0.178711 -0.193481 -0.204102 -0.187988 -0.120056 -0.108215 
-0.202271 -0.226807 -0.246338 -0.250488 -0.225342 -0.180664 -0.115723 
-0.210571 -0.232422 -0.252686 -0.247437 -0.230225 -0.185425 -0.113831 
-0.204590 -0.204224 -0.233887 -0.221924 -0.215820 -0.172974 -0.109741 
-0.250977 -0.256104 -0.302979 -0.293457 -0.278320 -0.162109 -0.112549 
-0.121643 -0.266357 -0.296875 -0.295654 -0.288086 -0.228516 -0.016052 

-0.394531 -0.258545 -0.264404 -0.250000 -0.245972 -0.220825 -0.525879 
-0.336670 -0.241943 -0.228882 -0.231201 -0.214355 -0.181885 -0.317139 
-0.415771 -0.334229 -0.321533 -0.327148 -0.293457 -0.227661 -0.320068 
-0.419922 -0.364258 -0.330811 -0.334961 -0.303711 -0.240723 -0.328857 
-0.411865 -0.358643 -0.331055 -0.330322 -0.311768 -0.245605 -0.336914 
-0.317627 -0.256592 -0.229736 -0.236694 -0.226074 -0.220703 -0.268555 
-0.408203 -0.289307 -0.228638 -0.223389 -0.225830 -0.243042 -0.430176 

0.251465 0.193726 0.217651 0.196777 0.210938 0.202271 0.273438 
0.133057 0.102600 0.137695 0.123230 0.152222 0.116028 0.109070 
0.099548 0.079224 0.137939 0.135254 0.160156 0.108032 0.075989 
0.089355 0.098511 0.145996 0.142700 0.171509 0.113892 0.076965 
0.080750 0.102539 0.145142 0.147827 0.177979 0.130981 0.086609 
0.087585 0.110657 0.146118 0.152954 0.181641 0.142212 0.078125 
0.127197 0.106934 0.110535 0.115601 0.130615 0.139160 0.148438 

-0.128052 -0.156616 -0.184937 -0.166748 -0.180786 -0.209106 0.035400 
-0.231689 -0.280762 -0.365234 -0.340332 -0.377930 -0.380371 -0.039551 
-0.349121 -0.331787 -0.444336 -0.438965 -0.468506 -0.480713 -0.140137 
-0.355957 -0.359619 -0.455078 -0.468018 -0.487793 -0.498779 -0.164917 
-0.338867 -0.360352 -0.418701 -0.458008 -0.470703 -0.489258 -0.151978 
-0.259521 -0.272461 -0.292969 -0.332520 -0.341797 -0.438232 -0.171875 
-0.302246 -0.326904 -0.330811 -0.345459 -0.356445 -0.453125 -0.326172 

-0.288330 -0.273438 -0.269531 -0.265381 -0.276367 -0.300293 -0.320312 
-0.213867 -0.112183 -0.082520 -0.074097 -0.094910 -0.087952 -0.242065 
-0.190430 -0.098755 -0.049591 -0.047699 -0.061371 -0.068604 -0.225586 
-0.195801 -0.116577 -0.062378 -0.061096 -0.064941 -0.073730 -0.222290 
-0.190674 -0.114502 -0.057373 -0.057404 -0.060059 -0.066406 -0.221191 
-0.160522 -0.059845 -0.001877 -0.001694 -0.006821 -0.009499 -0.178223 
-0.056702 -0.069275 -0.060303 -0.059967 -0.061432 -0.051544 -0.100952 

-0.187012 -0.198242 -0.205078 -0.204712 -0.187500 -0.147217 -0.076416 
-0.147949 -0.217651 -0.255127 -0.263916 -0.244019 -0.168457 -0.038208 
-0.182983 -0.246216 -0.294678 -0.299072 -0.270996 -0.190796 -0.096863 
-0.173462 -0.237549 -0.281982 -0.276123 -0.253418 -0.188232 -0.092896 
-0.188965 -0.260498 -0.316895 -0.308105 -0.288086 -0.204102 -0.099609 
-0.198242 -0.307373 -0.361084 -0.362061 -0.342773 -0.256836 -0.097534 
-0.108643 -0.071899 -0.103027 -0.098083 -0.090698 -0.030823 -0.021790 

0.076416 -0.063904 -0.021271 -0.043365 -0.023376 -0.016968 0.149170 
0.136475 -0.015717 0.086121 0.062866 0.089966 0.030685 0.103699 
0.138428 -0.000183 0.107971 0.097656 0.123291 0.065979 0.098267 
0.139404 0.033875 0.123413 0.133179 0.138550 0.070129 0.102478 
0.128174 0.050232 0.106506 0.143555 0.143677 0.069885 0.092773 
0.101379 0.040039 0.051483 0.079590 0.078430 0.077271 0.107910 
0.161011 0.095337 0.078369 0.092468 0.088257 0.121399 0.166016 

0.168457 0.109009 0.098572 0.098816 0.100037 0.150269 0.212769 
0.132568 0.063293 0.063721 0.052765 0.063477 0.124817 0.180908 
0.158936 0.084839 0.082520 0.076294 0.087891 0.172607 0.221313 
0.156372 0.071899 0.067932 0.067261 0.073303 0.157837 0.218750 
0.155029 0.065491 0.050720 0.057465 0.056335 0.144531 0.209351 
0.142944 0.067200 0.055603 0.076416 0.079041 0.147949 0.182617 
0.102905 0.069946 0.068726 0.074829 0.063721 0.112244 0.202881 

0.195679 0.133789 0.113525 0.101196 0.119385 0.170044 0.090637 
0.110046 0.038147 -0.003372 -0.015594 -0.008652 -0.001907 -0.045135 
0.016495 -0.065308 -0.124939 -0.121582 -0.115112 -0.098145 -0.107178 
-0.001652 -0.068054 -0.122253 -0.117371 -0.120422 -0.101074 -0.109619 
0.021576 -0.031982 -0.083069 -0.074707 -0.081970 -0.070740 -0.092102 
0.096375 0.130737 0.097229 0.090881 0.079956 0.066711 -0.023300 
0.298584 0.210205 0.154907 0.140747 0.140259 0.124207 0.083618 

0.218140 0.206421 0.201294 0.198486 0.200684 0.208008 0.274902 
0.172974 0.176270 0.127686 0.142578 0.146851 0.178589 0.275146 
0.195312 0.200439 0.136108 0.151367 0.154053 0.215210 0.284668 
0.192383 0.199097 0.137695 0.153320 0.158325 0.212891 0.290527 
0.186401 0.204224 0.144531 0.160278 0.160278 0.210205 0.285645 
0.228516 0.239502 0.229858 0.250732 0.246338 0.247925 0.310791 
0.208496 0.270752 0.230957 0.240234 0.234863 0.245972 0.267578 

0.045410 -0.052948 -0.040466 -0.054382 -0.040894 -0.053497 0.150269 
0.013687 -0.095032 -0.101685 -0.102783 -0.086365 -0.079346 0.133057 
0.026367 -0.062988 -0.060669 -0.066040 -0.037689 -0.036682 0.154297 
0.030838 -0.060822 -0.066284 -0.065796 -0.032074 -0.028290 0.160645 
0.024109 -0.061676 -0.055908 -0.056366 -0.023148 -0.025772 0.159912 
-0.026733 -0.117920 -0.083923 -0.080261 -0.061066 -0.047089 0.158569 
0.065186 -0.007053 -0.005833 -0.008362 0.001526 0.021774 0.143799 

0.043060 -0.024857 -0.073608 -0.059174 -0.060669 -0.027954 0.108704 
0.096375 0.017563 -0.041656 -0.029785 -0.035187 0.036713 0.085876 
0.033447 -0.020752 -0.058502 -0.044159 -0.054199 -0.006138 0.013489 
0.027756 -0.043884 -0.075073 -0.051727 -0.072937 -0.017929 0.018524 
0.029587 -0.020844 -0.072693 -0.036499 -0.056396 -0.019684 0.013580 
0.049927 -0.004765 -0.056427 -0.023193 -0.039459 0.016632 0.080994 
0.127075 0.003040 -0.031677 -0.009453 -0.015526 0.006268 0.168823 

-0.029831 0.004539 0.058746 0.057953 0.055908 -0.017197 -0.084961 
-0.009026 0.044464 0.116699 0.109009 0.110168 0.070557 -0.064575 
0.027069 0.049652 0.136719 0.133545 0.124878 0.075806 -0.034790 
0.028961 0.053833 0.129395 0.134277 0.117615 0.064392 -0.031372 
0.022125 0.056366 0.122925 0.128784 0.112610 0.054260 -0.034058 
0.012329 0.067749 0.122742 0.126099 0.118286 0.075378 -0.033691 
-0.096375 -0.030823 0.025940 0.023987 0.014023 -0.030777 -0.116760 

-0.523926 -0.490723 -0.485596 -0.488037 -0.473389 -0.490723 -0.363770 
-0.507812 -0.433838 -0.476074 -0.475586 -0.457764 -0.357422 -0.287598 
-0.583008 -0.473145 -0.518066 -0.517578 -0.496582 -0.396729 -0.375977 
-0.583008 -0.464844 -0.505859 -0.491455 -0.488525 -0.395752 -0.365723 
-0.594238 -0.472412 -0.521484 -0.501953 -0.506836 -0.401855 -0.375977 
-0.634766 -0.495605 -0.513672 -0.505371 -0.511719 -0.404541 -0.312744 
-0.434082 -0.405518 -0.437744 -0.425049 -0.429688 -0.417480 -0.260986 

0.305664 0.132202 0.187988 0.173218 0.167358 0.167603 0.263916 
0.285889 0.078857 0.128662 0.117737 0.100769 0.100159 0.244751 
0.286377 0.097595 0.129883 0.131714 0.120911 0.108215 0.265869 
0.268066 0.095154 0.131470 0.145386 0.121948 0.116577 0.250732 
0.246704 0.090149 0.102417 0.121521 0.098083 0.091614 0.229248 
0.249756 0.143555 0.167480 0.181641 0.161011 0.206543 0.259521 
0.301270 0.180786 0.199707 0.190308 0.188965 0.271729 0.353271 

0.003267 0.033112 0.033936 0.026733 0.038910 0.119263 0.030930 
0.001449 0.041992 0.069336 0.073364 0.089722 0.159790 0.075745 
-0.011353 0.025116 0.083130 0.094604 0.103821 0.125610 0.072510 
-0.013603 0.045837 0.094971 0.113831 0.115234 0.141113 0.082703 
-0.018372 0.049988 0.094543 0.118103 0.111206 0.138550 0.084534 
-0.006641 0.055573 0.098450 0.131104 0.128662 0.171265 0.130493 
-0.053375 0.040894 0.044281 0.060883 0.060211 0.112976 0.092529 

0.091675 0.022781 0.028000 0.033173 0.024597 0.023422 0.054047 
0.062622 0.046844 0.073975 0.071899 0.063843 0.052795 0.039612 
0.072266 0.067444 0.116394 0.116394 0.102173 0.076721 0.049103 
0.077637 0.071289 0.119751 0.121216 0.102539 0.082092 0.052521 
0.076599 0.069885 0.110901 0.112793 0.092773 0.071106 0.046112 
0.036652 0.035339 0.043152 0.055695 0.043060 0.043976 -0.007221 
0.129761 0.054962 0.052460 0.059601 0.059998 0.046570 0.096619 

-0.159058 -0.181396 -0.160034 -0.153442 -0.155029 -0.185547 -0.142700 
-0.095398 -0.065125 -0.038788 -0.028030 -0.039612 -0.080688 -0.021423 
-0.034973 -0.009476 0.012070 0.018951 0.007126 -0.046234 0.024109 
-0.028656 0.001602 0.020538 0.028610 0.009338 -0.044098 0.027023 
-0.035278 0.000076 0.022034 0.030640 0.012695 -0.046722 0.020554 
-0.088928 -0.057922 -0.030212 -0.021271 -0.032593 -0.077332 -0.017426 
-0.080750 -0.043182 -0.060059 -0.060211 -0.058044 -0.087708 -0.049042 

-0.005592 0.029358 0.040436 0.026306 0.040009 0.112122 -0.090027 
0.166626 0.189209 0.203125 0.189941 0.218628 0.276611 0.074463 
0.111755 0.145142 0.143433 0.134644 0.170410 0.250488 0.076477 
0.106750 0.124023 0.129517 0.119324 0.147705 0.229980 0.070496 
0.127197 0.140747 0.153320 0.145142 0.173950 0.245117 0.083496 
0.246338 0.251709 0.266602 0.259766 0.282471 0.311768 0.164673 
-0.042053 -0.042542 -0.023529 -0.034576 -0.017166 0.017181 -0.064819 

-0.148315 -0.105713 -0.147217 -0.163452 -0.153320 -0.129639 -0.164917 
-0.090942 -0.085999 -0.105713 -0.103088 -0.093201 -0.089905 -0.135620 
-0.025803 -0.029877 -0.059326 -0.049744 -0.032288 -0.044739 -0.064880 
-0.017502 -0.008400 -0.044067 -0.031464 -0.013802 -0.026993 -0.067444 
-0.015823 -0.009193 -0.049469 -0.036438 -0.022186 -0.031830 -0.062683 
-0.011978 -0.003952 -0.072693 -0.062073 -0.052094 -0.012466 -0.068420 
-0.086731 -0.102295 -0.151611 -0.154785 -0.158813 -0.130493 -0.168701 

0.139648 0.190796 0.206909 0.210938 0.198486 0.212891 0.106750 
0.097900 0.171875 0.180054 0.173340 0.155273 0.187988 0.100830 
0.148315 0.198853 0.206177 0.194580 0.171265 0.210938 0.093811 
0.160889 0.201416 0.210571 0.193726 0.166626 0.211548 0.098450 
0.157837 0.194336 0.211548 0.191406 0.167358 0.203125 0.095581 
0.174194 0.144287 0.204102 0.185303 0.166382 0.168823 0.122070 
0.109619 0.102722 0.148804 0.142578 0.135498 0.116638 0.066406 

0.034943 -0.019958 -0.086304 -0.084045 -0.085388 -0.024521 0.032623 
-0.053925 -0.081482 -0.135132 -0.128906 -0.145752 -0.123108 -0.017197 
-0.041199 -0.026962 -0.085876 -0.082642 -0.104248 -0.104553 -0.013901 
-0.021606 -0.021057 -0.073425 -0.076904 -0.094543 -0.084106 0.002687 
-0.003979 -0.015884 -0.061218 -0.073792 -0.088928 -0.083618 0.004261 
0.032440 -0.012016 -0.080688 -0.084106 -0.092590 -0.098572 0.003246 
0.035004 -0.074585 -0.122620 -0.128052 -0.135132 -0.087646 0.015091 

-0.075562 -0.023285 -0.054871 -0.052887 -0.047485 0.043671 0.005875 
0.012680 -0.015701 -0.048828 -0.051147 -0.033020 0.060364 0.043793 
-0.050781 -0.076599 -0.088135 -0.086121 -0.081909 0.005020 -0.040405 
-0.054962 -0.064331 -0.073364 -0.065979 -0.064697 0.007538 -0.047729 
-0.064453 -0.053894 -0.097900 -0.079102 -0.081543 0.000717 -0.046875 
-0.098083 -0.032990 -0.103882 -0.087769 -0.083252 0.049316 -0.042969 
-0.114258 0.029297 0.001945 0.012085 0.017029 0.096497 -0.014832 

0.386230 0.194580 0.258301 0.273193 0.252686 0.170532 0.334473 
0.246338 0.037292 0.044128 0.050293 0.043518 0.018311 0.193970 
0.248535 0.114441 0.133179 0.136963 0.116577 0.077026 0.190063 
0.252197 0.110718 0.136963 0.131226 0.114990 0.080078 0.186768 
0.273438 0.128296 0.168579 0.156982 0.146729 0.104248 0.194580 
0.297607 0.126343 0.155029 0.142334 0.142578 0.101685 0.199585 
0.470215 0.309082 0.333740 0.330322 0.315186 0.257568 0.382080 

-0.040070 -0.187744 -0.220215 -0.220947 -0.228271 -0.223389 -0.052490 
0.030060 -0.004059 -0.036865 -0.020477 -0.042114 -0.088013 -0.003960 
-0.006546 -0.036926 -0.066101 -0.055328 -0.074585 -0.129395 -0.068604 
-0.024689 -0.057983 -0.099976 -0.097534 -0.103394 -0.146484 -0.082520 
-0.020737 -0.060913 -0.091431 -0.096619 -0.098755 -0.140869 -0.080261 
-0.020599 -0.083374 -0.114868 -0.128418 -0.132812 -0.177002 -0.097046 
-0.078308 -0.097351 -0.126343 -0.139771 -0.138916 -0.140625 -0.089172 

0.093994 0.158569 0.220215 0.230957 0.223267 0.096741 0.096130 
0.205200 0.238281 0.303955 0.303711 0.285400 0.165894 0.092712 
0.276123 0.313477 0.377197 0.378418 0.369873 0.261475 0.189453 
0.299316 0.346436 0.424561 0.430176 0.417969 0.290039 0.204712 
0.301514 0.342773 0.405029 0.406494 0.396973 0.281494 0.190552 
0.276367 0.318604 0.408447 0.416504 0.404053 0.226196 0.175415 
0.251221 0.323975 0.406738 0.416504 0.399170 0.239136 0.202759 

-0.060760 -0.079895 -0.066406 -0.054749 -0.069641 -0.103516 -0.114868 
0.058441 0.037781 0.017029 0.013260 0.005234 0.031555 -0.065491 
0.177734 0.132080 0.083374 0.072632 0.059265 0.092041 0.014130 
0.195435 0.146973 0.103638 0.088623 0.090088 0.115356 0.025131 
0.181274 0.122498 0.083557 0.066406 0.067566 0.100342 0.019440 
0.157227 0.068054 0.042847 0.020111 0.018082 0.081665 0.015869 
0.143555 0.116272 0.094238 0.087463 0.084045 0.103088 0.057281 

0.006989 0.104980 0.092224 0.094849 0.095459 0.145630 0.001968 
0.138794 0.155884 0.102844 0.086060 0.093262 0.172852 0.087402 
0.221558 0.214966 0.151978 0.138794 0.156128 0.222046 0.133789 
0.234985 0.222290 0.161987 0.147583 0.163086 0.215088 0.129639 
0.238770 0.215088 0.161255 0.145752 0.158569 0.216309 0.138428 
0.195923 0.186768 0.179199 0.176636 0.175293 0.192871 0.124390 
0.041901 0.178467 0.146606 0.154175 0.153809 0.168823 0.039703 

0.079224 0.040222 0.057343 0.046692 0.059998 0.060608 0.119141 
0.102295 0.136597 0.085083 0.079224 0.096008 0.089111 0.146484 
0.125610 0.137573 0.151978 0.144165 0.159668 0.108215 0.222412 
0.127563 0.135742 0.143555 0.136230 0.144165 0.097168 0.217407 
0.120850 0.133179 0.146240 0.136597 0.143799 0.098450 0.222534 
0.053864 0.097595 0.071838 0.058258 0.060547 0.069641 0.158325 
0.019440 0.119568 0.085938 0.072144 0.073181 0.087891 0.067749 

0.028809 0.050385 0.047913 0.054688 0.050110 0.036743 -0.012291 
0.030853 0.063782 0.062256 0.068237 0.067017 0.071960 0.008308 
0.088684 0.137939 0.150269 0.157715 0.159912 0.155029 0.056000 
0.097229 0.155396 0.168457 0.177002 0.178833 0.174194 0.065125 
0.094543 0.160278 0.170532 0.181519 0.182007 0.175049 0.067505 
0.059143 0.126831 0.135376 0.135620 0.137695 0.146240 0.039368 
0.057556 0.062805 0.065857 0.067444 0.067505 0.065674 0.013809 

0.049103 0.028854 0.023483 0.017258 0.017120 0.004025 0.080994 
-0.019409 0.010414 0.024673 0.021576 0.025543 0.007996 0.061218 
0.020737 0.065857 0.086243 0.086487 0.084473 0.055603 0.102356 
0.025650 0.072632 0.085449 0.083679 0.081604 0.053070 0.103149 
0.039124 0.100708 0.111816 0.117859 0.114136 0.083130 0.119751 
-0.050842 0.010399 0.025772 0.038696 0.038147 0.024506 0.068909 
0.043671 0.103027 0.108643 0.112732 0.118042 0.119995 0.132080 

-0.052704 -0.091736 -0.129028 -0.129028 -0.131714 -0.106079 -0.063477 
-0.021484 -0.030350 -0.083374 -0.080383 -0.088806 -0.061676 -0.030502 
-0.049622 -0.032593 -0.088196 -0.086182 -0.101746 -0.083557 -0.076965 
-0.042023 -0.024246 -0.082214 -0.084167 -0.095032 -0.076782 -0.073059 
-0.038574 -0.028732 -0.080750 -0.085266 -0.089783 -0.072388 -0.066833 
-0.036438 -0.037842 -0.091858 -0.102051 -0.103271 -0.071899 -0.056244 
-0.020554 0.005013 -0.044525 -0.046021 -0.038269 0.000789 -0.033905 

0.049561 0.121643 0.116882 0.128418 0.133423 0.158691 0.084167 
0.197998 0.219604 0.221069 0.218750 0.221924 0.236206 0.154663 
0.178345 0.223022 0.235107 0.229858 0.225220 0.244385 0.161011 
0.191528 0.237793 0.246582 0.244141 0.236206 0.256836 0.168091 
0.179077 0.220215 0.220703 0.219604 0.214355 0.246704 0.156616 
0.161377 0.179810 0.180664 0.194946 0.193970 0.189697 0.150513 
0.017975 0.078247 0.086243 0.099304 0.091553 0.083496 0.021072 

-0.013092 -0.030716 0.006638 0.009285 0.013298 0.050568 0.038544 
0.060669 0.015900 0.042114 0.039032 0.045319 0.083801 0.115845 
0.104431 0.064209 0.104858 0.104980 0.119995 0.148804 0.147095 
0.112610 0.083130 0.122437 0.135498 0.145996 0.169922 0.160645 
0.107361 0.077087 0.099976 0.118652 0.129517 0.158081 0.156982 
0.094360 0.095581 0.114380 0.126587 0.125244 0.172363 0.152222 
0.130127 0.126587 0.147583 0.152588 0.152832 0.192871 0.204590 

-0.099976 -0.072083 -0.087769 -0.074524 -0.079468 -0.082642 -0.072815 
-0.099060 -0.102722 -0.094971 -0.102966 -0.091064 -0.033875 -0.015335 
-0.085449 -0.121765 -0.106323 -0.111511 -0.097656 -0.027512 0.030136 
-0.094604 -0.121704 -0.093140 -0.085083 -0.083679 -0.015121 0.029755 
-0.091370 -0.138062 -0.115845 -0.104553 -0.105103 -0.033264 0.022293 
-0.064758 -0.064697 -0.062256 -0.048767 -0.046509 0.023529 0.040070 
0.025879 0.045654 0.020752 0.025574 0.009697 0.093384 0.058258 

0.063538 0.042999 0.096313 0.085205 0.093506 0.116760 0.117493 
-0.013054 -0.000514 0.070435 0.054962 0.069397 0.082092 0.053864 
-0.026672 -0.009941 0.043976 0.038391 0.054932 0.080627 0.038330 
-0.028458 -0.009369 0.047760 0.052917 0.051147 0.085144 0.031525 
-0.038055 -0.008194 0.030609 0.044647 0.041962 0.070679 0.031464 
-0.048981 -0.002338 0.026154 0.044800 0.049530 0.085266 0.018433 
-0.005013 -0.015526 0.028824 0.031738 0.035004 0.041168 0.102173 

0.183594 0.174805 0.214355 0.214600 0.227539 0.207886 0.084473 
0.094727 0.081421 0.111450 0.113525 0.106262 0.143433 -0.010757 
0.079041 0.049347 0.101257 0.106995 0.098938 0.113281 -0.028503 
0.090576 0.057281 0.094299 0.109680 0.087891 0.095642 -0.031036 
0.075378 0.061401 0.078613 0.104431 0.078003 0.088257 -0.042816 
0.033112 0.022919 0.051697 0.085022 0.055725 0.068848 -0.051056 
0.071838 -0.016235 -0.000740 0.010109 0.001677 -0.002758 0.004902 

-0.173340 -0.066040 -0.004425 -0.011459 0.016266 -0.080566 -0.270020 
0.036194 0.005863 0.052734 0.030869 0.050873 -0.003021 -0.138184 
0.062347 0.008949 0.072388 0.072815 0.084229 0.027435 -0.132935 
0.072266 0.034119 0.107727 0.105103 0.115417 0.035278 -0.129028 
0.080139 0.050262 0.114807 0.122864 0.133911 0.050354 -0.111816 
0.100464 0.058075 0.097778 0.094299 0.102478 0.050018 -0.074280 
-0.166748 -0.058350 -0.015625 -0.028076 -0.024292 -0.067810 -0.313965 

0.109253 -0.047058 -0.039001 -0.039856 -0.041443 -0.081665 0.261475 
-0.004292 -0.291260 -0.257080 -0.277100 -0.266602 -0.247681 0.135620 
0.020981 -0.256348 -0.247803 -0.275391 -0.244507 -0.188232 0.147949 
0.018372 -0.273193 -0.252686 -0.281494 -0.245728 -0.193115 0.132202 
-0.000380 -0.293945 -0.279785 -0.306885 -0.272217 -0.211304 0.118896 
-0.003218 -0.194946 -0.195190 -0.225098 -0.205688 -0.149536 0.138794 
0.168823 -0.034027 -0.032837 -0.046143 -0.040619 -0.016800 0.240967 

-0.078674 -0.125610 -0.121643 -0.124573 -0.117432 -0.088318 -0.093994 
-0.120605 -0.158813 -0.152832 -0.157349 -0.140747 -0.110352 -0.151123 
-0.108093 -0.156860 -0.147217 -0.142944 -0.134033 -0.095032 -0.141235 
-0.109863 -0.156250 -0.151489 -0.143921 -0.139648 -0.100220 -0.147461 
-0.125244 -0.161621 -0.163330 -0.149780 -0.150146 -0.109375 -0.152344 
-0.157837 -0.182983 -0.179077 -0.167236 -0.165771 -0.143433 -0.165283 
-0.132935 -0.194336 -0.193481 -0.189575 -0.193848 -0.186523 -0.155151 

0.050323 0.071594 0.071899 0.079102 0.071655 0.042938 -0.019058 
0.071106 0.086609 0.084900 0.093872 0.087769 0.049347 -0.005817 
0.059204 0.058075 0.063049 0.071655 0.062805 0.028015 -0.010040 
0.060974 0.058136 0.064209 0.070374 0.062347 0.029205 -0.006062 
0.061279 0.061493 0.070679 0.075195 0.067932 0.030731 -0.006176 
0.061310 0.087646 0.094055 0.100464 0.094666 0.043640 -0.012100 
0.000555 0.040375 0.054901 0.060150 0.060547 0.017868 -0.044586 

-0.060333 -0.032654 -0.048859 -0.055420 -0.035614 0.003231 0.034851 
-0.078857 -0.057556 -0.026855 -0.038574 -0.015419 -0.029282 -0.030167 
-0.141357 -0.126587 -0.094238 -0.097351 -0.073730 -0.091187 -0.066345 
-0.147461 -0.120300 -0.079407 -0.077759 -0.065247 -0.100037 -0.075623 
-0.169067 -0.136841 -0.113953 -0.105652 -0.087585 -0.106995 -0.084167 
-0.198608 -0.157227 -0.149048 -0.140015 -0.127563 -0.124878 -0.097473 
-0.199219 -0.180664 -0.182861 -0.187256 -0.178223 -0.157471 -0.124268 

0.128906 0.060730 0.087891 0.078308 0.076782 0.035187 0.066162 
0.102539 0.043091 0.093689 0.081665 0.080994 0.041473 -0.006954 
0.107788 0.025528 0.099365 0.094177 0.096130 0.006229 -0.014900 
0.108704 0.021149 0.091980 0.085022 0.083557 -0.006660 -0.017731 
0.095642 0.015778 0.086548 0.082336 0.078613 -0.012672 -0.026917 
0.004593 -0.069763 -0.049988 -0.051483 -0.058838 -0.053955 -0.068481 
0.066895 -0.007366 0.010468 0.000525 -0.001592 0.000336 0.026779 

-0.073914 -0.102417 -0.089172 -0.086548 -0.086914 -0.118896 -0.070862 
-0.028061 -0.070190 -0.046173 -0.044769 -0.048523 -0.041504 -0.023239 
0.006954 -0.026108 -0.009369 -0.014221 -0.016586 -0.009186 -0.003933 
0.017395 -0.013519 0.006699 0.002136 -0.003159 0.001923 -0.001003 
0.013420 -0.016052 0.002853 -0.002747 -0.009537 0.002167 -0.000195 
0.016632 -0.018341 -0.006744 -0.010391 -0.015015 -0.014786 -0.012627 
0.002064 -0.017090 -0.007645 -0.006237 -0.014709 -0.027252 -0.031555 

0.068481 -0.004654 -0.060730 -0.055054 -0.073181 0.030228 0.087158 
0.081055 0.019470 -0.038696 -0.035675 -0.047882 0.045410 0.013496 
0.082703 0.016174 -0.062286 -0.065063 -0.087097 -0.011307 -0.007130 
0.072693 -0.015572 -0.085510 -0.098267 -0.112305 -0.028656 -0.011681 
0.074890 -0.024231 -0.076599 -0.097534 -0.108398 -0.034973 -0.014679 
-0.016479 -0.104980 -0.184692 -0.208984 -0.212036 -0.121155 -0.082275 
0.076355 -0.028900 -0.082214 -0.097656 -0.105103 -0.013565 0.112366 

-0.201538 -0.236084 -0.261475 -0.269043 -0.258301 -0.186279 -0.154297 
-0.205444 -0.192749 -0.211548 -0.217163 -0.186279 -0.188843 -0.181152 
-0.180664 -0.208496 -0.232788 -0.231812 -0.198364 -0.199097 -0.174683 
-0.169922 -0.187012 -0.220215 -0.204590 -0.181641 -0.197998 -0.168091 
-0.177979 -0.169189 -0.222046 -0.201416 -0.181763 -0.196045 -0.163086 
-0.223511 -0.178467 -0.252197 -0.237793 -0.228027 -0.180176 -0.218872 
-0.117493 -0.139771 -0.206787 -0.203369 -0.186157 -0.155273 -0.077209 

-0.079773 0.002777 -0.014862 -0.019104 -0.029465 -0.038330 -0.157227 
-0.001465 0.123047 0.061493 0.078857 0.070435 0.101746 -0.065369 
0.024673 0.189819 0.065308 0.061981 0.064270 0.161255 -0.083618 
0.029999 0.173706 0.062500 0.040649 0.061798 0.182129 -0.068176 
0.059448 0.189453 0.115479 0.074097 0.098022 0.204834 -0.052155 
0.090637 0.226196 0.210327 0.174072 0.198364 0.198730 -0.023727 
0.121460 0.176758 0.114441 0.095703 0.100708 0.107178 0.028885 

0.093750 -0.010094 -0.001514 -0.003586 -0.012955 -0.024124 -0.018158 
-0.060760 -0.170288 -0.164795 -0.165527 -0.177490 -0.131470 -0.238525 
-0.068787 -0.170532 -0.140625 -0.154053 -0.171265 -0.166748 -0.272217 
-0.088318 -0.207764 -0.179443 -0.215332 -0.213135 -0.204712 -0.293701 
-0.077148 -0.222534 -0.172852 -0.222290 -0.211914 -0.199951 -0.289307 
-0.138062 -0.289307 -0.268066 -0.301270 -0.288574 -0.281250 -0.315186 
-0.018341 -0.198975 -0.188477 -0.202515 -0.194336 -0.181641 -0.136475 

-0.152954 -0.075195 -0.039398 -0.027588 -0.023682 -0.065857 -0.133789 
-0.151489 -0.048065 -0.027130 -0.017273 -0.018158 -0.067505 -0.142212 
-0.127441 -0.072327 -0.042542 -0.036469 -0.036682 -0.085266 -0.111816 
-0.119263 -0.065918 -0.038879 -0.025085 -0.025925 -0.081421 -0.103638 
-0.121094 -0.059204 -0.038208 -0.025055 -0.034393 -0.090393 -0.109436 
-0.166260 -0.079163 -0.046082 -0.030640 -0.039825 -0.100464 -0.133301 
-0.183594 -0.144775 -0.131104 -0.121094 -0.119324 -0.147217 -0.158203 

0.225586 0.031647 0.097778 0.076111 0.089233 0.111145 0.099915 
-0.069641 -0.173340 -0.085693 -0.093262 -0.075256 -0.078979 -0.155029 
-0.091431 -0.206909 -0.129761 -0.125122 -0.115295 -0.103271 -0.145752 
-0.114624 -0.202759 -0.136963 -0.118530 -0.126709 -0.124756 -0.155884 
-0.113159 -0.188477 -0.153564 -0.122375 -0.130249 -0.138184 -0.168457 
-0.067688 -0.156128 -0.110779 -0.068787 -0.075317 -0.089600 -0.152466 
0.145020 -0.108337 -0.071655 -0.068604 -0.066406 -0.074463 0.050720 

-0.040314 -0.046722 -0.079102 -0.075195 -0.086121 -0.125732 -0.112183 
0.050018 -0.006088 -0.023254 -0.009399 -0.026031 -0.069885 -0.079224 
0.097351 0.027863 0.035461 0.045380 0.030899 -0.059448 -0.041840 
0.097168 0.012207 0.036621 0.046875 0.038452 -0.052551 -0.036163 
0.108032 0.002419 0.042847 0.041107 0.029297 -0.058746 -0.040924 
0.125977 -0.017990 0.008575 0.009918 0.003582 -0.059418 -0.013161 
0.106812 0.075378 0.090698 0.089233 0.087524 0.073608 0.054260 

0.221558 0.121948 0.116089 0.123840 0.110779 0.064453 -0.007591 
0.161133 0.024796 0.019119 0.022079 -0.000000 -0.046082 -0.101074 
0.146606 0.006325 0.005211 0.000587 -0.025497 -0.036163 -0.118713 
0.154907 0.006878 0.018417 0.008423 -0.014908 -0.032745 -0.117615 
0.166992 -0.006355 -0.000343 -0.023163 -0.043335 -0.047546 -0.121948 
0.252441 0.115356 0.134399 0.125854 0.111084 0.065674 -0.006458 
0.186279 0.087524 0.083435 0.081543 0.063477 0.021210 0.012161 

-0.190430 -0.298096 -0.309326 -0.322266 -0.315430 -0.248291 -0.209229 
-0.252930 -0.321777 -0.323975 -0.336426 -0.325684 -0.213745 -0.250488 
-0.230835 -0.317871 -0.311035 -0.316895 -0.302734 -0.202393 -0.220337 
-0.231323 -0.311279 -0.303223 -0.301514 -0.296143 -0.197876 -0.203247 
-0.220825 -0.306396 -0.307617 -0.302734 -0.300781 -0.199707 -0.197021 
-0.153931 -0.213379 -0.194702 -0.190063 -0.188599 -0.107910 -0.145386 
-0.121338 -0.175049 -0.168945 -0.173950 -0.177856 -0.151733 -0.135742 

0.351074 0.291016 0.297607 0.322754 0.319824 0.291992 0.470215 
0.367188 0.225586 0.240234 0.257080 0.244751 0.212036 0.477295 
0.335205 0.246948 0.266602 0.292236 0.270752 0.233154 0.447021 
0.325684 0.256592 0.267822 0.292725 0.273926 0.260498 0.468262 
0.332031 0.254883 0.253418 0.281982 0.253418 0.245483 0.459717 
0.244263 0.107178 0.108643 0.146240 0.114014 0.160400 0.416260 
0.244263 0.150269 0.193359 0.209473 0.193237 0.196533 0.419922 

-0.078674 -0.032562 -0.061798 -0.052734 -0.060944 -0.048615 -0.104553 
-0.108459 -0.045563 -0.076782 -0.067505 -0.078857 -0.097290 -0.147827 
-0.083984 -0.012665 -0.051758 -0.049164 -0.063721 -0.065247 -0.145386 
-0.072083 -0.009300 -0.044739 -0.052185 -0.053131 -0.057068 -0.145386 
-0.060333 -0.009659 -0.031204 -0.049072 -0.043945 -0.050507 -0.128174 
-0.000679 0.047974 0.038422 0.010750 0.021500 -0.019714 -0.072388 
-0.043945 0.000071 -0.012810 -0.022659 -0.016739 -0.038422 -0.115845 

0.064941 0.071838 0.067322 0.064209 0.052612 0.037994 0.031097 
0.038544 0.075073 0.070618 0.062988 0.067261 0.096313 0.022171 
0.122314 0.164551 0.139282 0.143555 0.137939 0.177734 0.077637 
0.132446 0.175659 0.152222 0.158081 0.156372 0.195557 0.090637 
0.137329 0.182861 0.156128 0.160889 0.152222 0.189941 0.098572 
0.029510 0.055939 0.024139 0.012207 0.013428 0.070190 0.019730 
0.157227 0.182495 0.168823 0.162964 0.160767 0.180176 0.106812 

-0.141235 0.106873 0.093567 0.104797 0.089478 0.012558 -0.320312 
0.160278 0.400391 0.389648 0.404541 0.383301 0.296631 0.034180 
0.167358 0.458008 0.447998 0.443359 0.427734 0.312988 0.068481 
0.157471 0.413574 0.415771 0.400146 0.391846 0.301758 0.054840 
0.168457 0.401123 0.438965 0.403809 0.408447 0.319092 0.072266 
0.145020 0.356689 0.399902 0.365967 0.371582 0.278809 0.010948 
-0.134644 -0.052185 -0.052673 -0.064148 -0.057556 -0.140015 -0.305908 

0.206787 0.095703 0.048401 0.043640 0.044830 0.126587 0.163940 
0.234009 0.071655 0.029663 0.028625 0.033539 0.111572 0.166870 
0.147217 -0.006741 -0.046051 -0.051727 -0.050842 0.045532 0.073792 
0.149414 -0.005516 -0.050201 -0.054565 -0.049652 0.049103 0.072693 
0.154907 0.002047 -0.040405 -0.041107 -0.041504 0.054901 0.077454 
0.183716 0.044861 -0.002319 -0.011124 -0.016617 0.080383 0.118103 
0.147461 0.023865 -0.006088 -0.010094 -0.014793 0.072021 0.128906 

0.465576 0.260742 0.264648 0.266846 0.261475 0.271240 0.639160 
0.373291 0.096802 0.070740 0.055359 0.064087 0.093994 0.463623 
0.506836 0.196533 0.182983 0.182739 0.195923 0.204834 0.564941 
0.535156 0.236206 0.222534 0.224854 0.230713 0.242554 0.586914 
0.522461 0.231934 0.208496 0.214966 0.222290 0.238037 0.583984 
0.446045 0.153320 0.090698 0.102356 0.102295 0.156372 0.543945 
0.579590 0.347900 0.315674 0.330322 0.316650 0.378174 0.671387 

0.024826 0.073059 0.084473 0.077881 0.073364 0.056000 -0.068542 
-0.094299 0.026245 0.056732 0.046631 0.047760 0.004196 -0.126831 
-0.112061 -0.008087 0.015656 0.005173 0.009888 -0.041382 -0.143433 
-0.112854 -0.008759 0.016846 0.009010 0.010559 -0.039917 -0.143555 
-0.113464 -0.011093 0.019669 0.009354 0.009781 -0.045166 -0.150024 
-0.099609 0.006622 0.039917 0.038361 0.038940 -0.011093 -0.128052 
-0.062744 0.000729 0.022095 0.023148 0.020370 0.003000 -0.092773 

0.014061 0.062805 0.074341 0.077454 0.073547 0.147827 0.137207 
-0.002850 0.065308 0.045319 0.045074 0.038086 0.152588 0.149902 
-0.000511 0.085754 0.050598 0.042877 0.036957 0.179077 0.163574 
0.007980 0.096069 0.063538 0.051605 0.042480 0.191162 0.176270 
0.013657 0.099487 0.061981 0.047455 0.043243 0.195068 0.190674 
0.122437 0.204102 0.177612 0.166260 0.168457 0.263672 0.269531 
-0.047729 -0.012039 -0.026001 -0.023529 -0.027222 0.068542 0.095947 

0.185303 0.133667 0.139160 0.131958 0.134277 0.091858 0.084961 
0.213379 0.112610 0.099243 0.100708 0.102478 0.030548 0.048157 
0.192261 0.072144 0.079956 0.086426 0.077087 -0.017548 0.047119 
0.200684 0.077271 0.091675 0.103333 0.087280 -0.009666 0.046631 
0.179932 0.071228 0.075500 0.086731 0.070923 -0.019562 0.038971 
0.103210 0.043549 0.084900 0.097168 0.066833 -0.013680 0.002613 
-0.014923 -0.010735 0.031311 0.040527 0.019180 -0.054077 -0.102478 

0.067322 0.137329 0.129517 0.121887 0.130371 0.196899 0.155640 
0.081421 0.169312 0.145508 0.135254 0.134766 0.165771 0.163940 
0.061279 0.172729 0.160767 0.152100 0.152344 0.176392 0.140381 
0.056793 0.184448 0.168457 0.163208 0.154785 0.176392 0.137329 
0.061096 0.196899 0.169189 0.176147 0.170410 0.190552 0.148926 
0.116821 0.257812 0.238892 0.239746 0.240723 0.268311 0.196655 
0.122437 0.241211 0.187744 0.177979 0.182373 0.218750 0.151367 

-0.063538 0.037964 0.074768 0.075134 0.068542 0.015656 -0.015732 
-0.033203 0.103210 0.128174 0.126953 0.130371 0.053375 0.028152 
0.009018 0.127808 0.146606 0.151367 0.153687 0.097351 0.066345 
0.015175 0.135010 0.161743 0.169556 0.170288 0.117676 0.082092 
0.005802 0.120361 0.159180 0.157227 0.159302 0.110657 0.077637 
-0.020782 0.100037 0.166016 0.167480 0.171143 0.098572 0.088135 
-0.095215 0.001802 0.046143 0.058960 0.062256 -0.003151 -0.051453 

0.113770 0.108582 0.100769 0.099426 0.099731 0.099487 0.156250 
0.125610 0.125854 0.109192 0.111023 0.117615 0.125000 0.142456 
0.126221 0.121216 0.110962 0.112061 0.118103 0.131104 0.160522 
0.120972 0.118469 0.110168 0.110291 0.119385 0.133301 0.164917 
0.121887 0.111877 0.101807 0.099670 0.107239 0.122559 0.159912 
0.121338 0.115295 0.110718 0.107971 0.115356 0.129517 0.165039 
0.121521 0.116150 0.107300 0.105042 0.104919 0.113037 0.157104 

-0.028366 -0.079590 -0.081055 -0.095215 -0.078857 -0.000359 0.098816 
-0.150146 -0.236694 -0.223755 -0.232422 -0.209717 -0.128784 -0.100098 
-0.204834 -0.281250 -0.248413 -0.241455 -0.215576 -0.145630 -0.137817 
-0.202026 -0.281494 -0.249390 -0.230469 -0.215942 -0.149780 -0.139893 
-0.195312 -0.268799 -0.253906 -0.223633 -0.216919 -0.154297 -0.139526 
-0.147827 -0.187622 -0.235474 -0.198853 -0.187866 -0.104675 -0.080933 
0.023682 -0.061066 -0.092224 -0.086731 -0.082703 -0.012512 0.113953 

-0.097229 -0.066223 -0.062439 -0.056488 -0.053833 -0.090088 -0.111267 
-0.028732 -0.020721 -0.030640 -0.027786 -0.028748 -0.056213 -0.061646 
-0.047913 -0.066528 -0.065247 -0.062622 -0.063293 -0.093689 -0.060272 
-0.044891 -0.065002 -0.057800 -0.051758 -0.053772 -0.087097 -0.055054 
-0.039673 -0.060150 -0.052948 -0.052521 -0.055664 -0.090088 -0.057037 
-0.007023 -0.023895 -0.022827 -0.017044 -0.025574 -0.081848 -0.042847 
-0.103088 -0.115845 -0.099854 -0.096741 -0.096069 -0.143921 -0.117065 

-0.034515 0.026245 -0.019043 -0.006275 -0.021515 -0.005352 -0.052429 
-0.046936 0.111633 0.062500 0.081299 0.081909 0.061035 -0.007126 
-0.070068 0.098328 0.026596 0.039673 0.042725 0.037872 -0.047516 
-0.066101 0.085999 0.019730 0.019333 0.036133 0.037476 -0.047028 
-0.045807 0.099548 0.059418 0.048889 0.071655 0.065796 -0.027100 
0.034241 0.150391 0.107605 0.095337 0.106079 0.087891 0.012466 
-0.037781 0.064575 0.035217 0.029495 0.034943 0.027679 -0.056671 

-0.052551 -0.096130 -0.093140 -0.089294 -0.082397 -0.094116 -0.074585 
-0.120850 -0.182861 -0.186035 -0.187744 -0.181274 -0.171143 -0.115479 
-0.140259 -0.205322 -0.196777 -0.194336 -0.193359 -0.195068 -0.149902 
-0.135742 -0.190063 -0.188965 -0.195557 -0.178467 -0.182129 -0.140991 
-0.127686 -0.176880 -0.169312 -0.176514 -0.157959 -0.163818 -0.123718 
-0.156128 -0.200195 -0.211426 -0.219116 -0.204224 -0.199707 -0.159790 
-0.114502 -0.114075 -0.123413 -0.127808 -0.118286 -0.087341 -0.099487 

0.279053 0.219360 0.190796 0.187256 0.177734 0.214111 0.244385 
0.227905 0.198120 0.187622 0.176147 0.167358 0.181519 0.147827 
0.312012 0.261719 0.243774 0.225220 0.221924 0.241577 0.155884 
0.317139 0.248413 0.233398 0.212036 0.210449 0.242554 0.162231 
0.334717 0.244995 0.238281 0.215942 0.213135 0.246094 0.160889 
0.395508 0.288086 0.290527 0.264893 0.264648 0.271240 0.250244 
0.513184 0.413330 0.389648 0.390869 0.388672 0.430908 0.495605 

-0.154785 -0.081299 -0.067566 -0.064453 -0.060944 -0.076721 -0.163452 
-0.114258 -0.061584 -0.052124 -0.049103 -0.051239 -0.094604 -0.158569 
-0.147949 -0.110291 -0.097900 -0.092590 -0.096436 -0.136230 -0.171631 
-0.152222 -0.110168 -0.102844 -0.101685 -0.102844 -0.140137 -0.179932 
-0.147461 -0.105408 -0.099487 -0.101440 -0.098511 -0.133179 -0.171143 
-0.131104 -0.062683 -0.066711 -0.073853 -0.073303 -0.100342 -0.165039 
-0.190186 -0.133301 -0.114563 -0.111816 -0.108887 -0.145386 -0.224976 

-0.207764 -0.159180 -0.196411 -0.185669 -0.191895 -0.201172 -0.309082 
-0.131836 -0.066406 -0.154541 -0.127319 -0.138672 -0.100403 -0.258301 
-0.150757 -0.040680 -0.173218 -0.135010 -0.133789 -0.102966 -0.261230 
-0.162720 -0.072571 -0.195679 -0.171387 -0.161133 -0.107117 -0.243896 
-0.147095 -0.060059 -0.163208 -0.143677 -0.129761 -0.081177 -0.225586 
-0.084534 -0.041321 -0.146606 -0.133057 -0.131104 -0.086487 -0.170044 
0.001999 0.026855 -0.046539 -0.031250 -0.023880 -0.035553 -0.127075 

0.124634 0.083923 0.077087 0.085022 0.071350 0.033752 0.014091 
0.053955 0.112610 0.103088 0.101624 0.086731 0.086487 0.011444 
0.085938 0.115417 0.046631 0.047028 0.028992 0.109070 -0.002712 
0.087280 0.111267 0.047424 0.041046 0.029297 0.097290 0.002092 
0.094666 0.127930 0.072144 0.053925 0.053467 0.116333 0.024750 
0.201294 0.268799 0.229736 0.201050 0.193726 0.211670 0.103821 
0.082397 0.096069 0.084839 0.074951 0.059875 0.073792 -0.002842 

-0.005306 -0.047607 -0.063660 -0.067810 -0.068665 -0.051483 -0.025192 
0.031433 0.033569 0.002190 0.016876 0.004574 0.027069 -0.031952 
0.036194 0.091980 0.065613 0.071533 0.065186 0.086060 -0.014969 
0.032837 0.080200 0.061707 0.061920 0.062805 0.088379 -0.016983 
0.042633 0.081787 0.082153 0.072205 0.071289 0.097534 -0.001433 
0.034851 0.056641 0.042603 0.029266 0.029358 0.054657 0.010513 
0.162964 0.117737 0.092041 0.087280 0.076599 0.104492 0.115112 

0.372559 0.344482 0.400391 0.405518 0.397705 0.351318 0.415039 
0.365234 0.389648 0.438965 0.448486 0.442871 0.398682 0.406494 
0.337891 0.371582 0.388916 0.395996 0.398193 0.385742 0.381348 
0.333984 0.374756 0.399658 0.409424 0.400146 0.391113 0.393066 
0.340332 0.392090 0.410156 0.423340 0.422852 0.400879 0.394531 
0.312256 0.322510 0.325439 0.342041 0.337646 0.342285 0.396484 
0.450684 0.350098 0.343994 0.353271 0.350342 0.343750 0.483887 

-0.226074 -0.200928 -0.195801 -0.196777 -0.191406 -0.197266 -0.115112 
-0.152344 -0.184570 -0.208862 -0.214355 -0.193481 -0.149536 -0.095520 
-0.180664 -0.232178 -0.266113 -0.274902 -0.250244 -0.230835 -0.132202 
-0.177612 -0.230713 -0.256104 -0.258545 -0.233765 -0.222290 -0.127319 
-0.170532 -0.229736 -0.258789 -0.262207 -0.242188 -0.225098 -0.127075 
-0.148438 -0.161255 -0.168335 -0.168091 -0.150879 -0.146851 -0.066040 
-0.141113 -0.081787 -0.092041 -0.092651 -0.086487 -0.094910 -0.070618 

-0.145386 -0.109741 -0.121094 -0.119263 -0.115540 -0.136963 -0.241699 
-0.126465 -0.088562 -0.087891 -0.092957 -0.081848 -0.071350 -0.163696 
-0.144165 -0.100037 -0.069702 -0.067993 -0.057251 -0.068176 -0.140503 
-0.136475 -0.085815 -0.061523 -0.052704 -0.043243 -0.070068 -0.134888 
-0.146606 -0.099854 -0.081421 -0.067017 -0.056030 -0.078491 -0.139404 
-0.123596 -0.098450 -0.093445 -0.076355 -0.076111 -0.073181 -0.125488 
-0.158447 -0.058258 -0.048767 -0.043793 -0.042023 -0.060547 -0.133179 

-0.232422 -0.220947 -0.225708 -0.238525 -0.224365 -0.125732 -0.197144 
-0.176758 -0.210449 -0.238403 -0.261230 -0.239990 -0.143188 -0.138550 
-0.163086 -0.176880 -0.235962 -0.252441 -0.217163 -0.109741 -0.102783 
-0.159424 -0.175659 -0.234619 -0.238037 -0.213623 -0.097656 -0.088928 
-0.156372 -0.166260 -0.235352 -0.230591 -0.216187 -0.093994 -0.093323 
-0.101501 -0.140137 -0.225830 -0.224121 -0.210815 -0.087463 -0.052979 
-0.243408 -0.218628 -0.291504 -0.295654 -0.283447 -0.157227 -0.179932 

0.116089 0.066833 0.085876 0.084229 0.085754 0.107117 0.151001 
0.069092 0.033295 0.045837 0.043945 0.048920 0.081482 0.117004 
0.041718 0.018356 0.045380 0.042053 0.043762 0.063171 0.094971 
0.039856 0.014915 0.042847 0.037872 0.038483 0.058258 0.092285 
0.046326 0.027817 0.058380 0.052979 0.054565 0.068909 0.097656 
0.078857 0.075073 0.110596 0.104797 0.105042 0.104736 0.095703 
0.018433 -0.024628 0.015572 0.013092 0.012154 0.012093 0.033020 

-0.145142 -0.106567 -0.087341 -0.089233 -0.082642 -0.038940 -0.014244 
-0.115112 -0.037689 -0.020386 -0.023361 -0.019501 0.047546 0.048950 
-0.162476 -0.112732 -0.093994 -0.096680 -0.088074 -0.029129 0.016571 
-0.169800 -0.126221 -0.103271 -0.103882 -0.095642 -0.042480 0.006195 
-0.163452 -0.119629 -0.091309 -0.097595 -0.088867 -0.036835 0.005737 
-0.164673 -0.095581 -0.077393 -0.076660 -0.065613 -0.020172 0.025330 
-0.154785 -0.089355 -0.100952 -0.111328 -0.102417 -0.027588 0.003403 

-0.176636 -0.147217 -0.136475 -0.125122 -0.155640 -0.155029 -0.091125 
-0.218384 -0.088318 -0.090332 -0.073853 -0.095215 -0.097351 -0.144165 
-0.209473 -0.101135 -0.094666 -0.083008 -0.106323 -0.126953 -0.149048 
-0.212280 -0.101929 -0.096497 -0.091248 -0.107300 -0.123840 -0.147339 
-0.213257 -0.114441 -0.090637 -0.095703 -0.107849 -0.121521 -0.145386 
-0.164429 -0.015457 0.005844 -0.015900 -0.021286 -0.038818 -0.105713 
-0.208130 -0.080078 -0.034424 -0.049133 -0.051849 -0.067078 -0.083923 

-0.072693 0.020447 0.069946 0.075317 0.082764 0.021576 -0.054260 
-0.036346 0.038025 0.093445 0.103699 0.103516 0.026840 0.059723 
-0.050171 0.055023 0.110596 0.130737 0.122986 0.038910 0.039093 
-0.041718 0.081299 0.130981 0.155640 0.141479 0.061035 0.045044 
-0.048553 0.080261 0.126709 0.154541 0.142578 0.063232 0.051483 
-0.073914 0.088318 0.119324 0.138062 0.125000 0.055664 0.020630 
-0.089233 -0.068970 -0.019135 -0.014130 -0.009338 -0.091125 -0.081848 

-0.012619 0.013580 0.004387 -0.001740 0.010155 0.048553 0.028458 
-0.006649 0.007042 0.018021 0.015717 0.026230 0.041809 0.043823 
-0.022369 -0.006340 0.019806 0.016830 0.028870 0.040894 0.011948 
-0.029282 -0.013626 0.010818 0.006927 0.020233 0.033997 0.001545 
-0.030197 -0.011887 0.016006 0.015182 0.027100 0.039917 0.005569 
-0.041931 -0.006798 0.004395 0.001953 0.013626 0.032440 0.009895 
0.002092 0.074707 0.082153 0.080933 0.084473 0.107422 0.017685 

-0.040680 -0.099854 -0.101257 -0.102112 -0.104614 -0.123230 -0.056427 
0.055511 -0.038757 -0.070435 -0.064148 -0.078613 -0.047760 0.000084 
0.127686 0.073242 0.038391 0.036072 0.016602 0.010254 0.019974 
0.134399 0.072693 0.045593 0.034607 0.021942 0.019592 0.032806 
0.146362 0.067078 0.054993 0.033478 0.027267 0.022537 0.041046 
0.186279 0.101074 0.094727 0.075500 0.077881 0.058838 0.079285 
0.016479 0.076904 0.062622 0.043640 0.044525 0.036926 0.030258 

-0.075989 -0.025986 -0.028641 -0.029785 -0.026474 -0.011421 -0.061920 
0.025177 0.067383 0.064880 0.056519 0.065796 0.079956 0.012177 
0.008354 0.048920 0.048737 0.045197 0.060242 0.054626 0.010437 
0.007370 0.041260 0.045532 0.041290 0.057831 0.053650 0.013443 
0.004097 0.034851 0.029419 0.026733 0.047180 0.041321 0.014153 
0.065063 0.069519 0.058807 0.050873 0.065674 0.073486 0.059448 
-0.073669 -0.022675 -0.031403 -0.037964 -0.027039 -0.016602 -0.023224 

-0.066406 -0.026688 -0.027161 -0.030914 -0.018005 0.002069 0.133057 
0.044739 0.005699 -0.018219 -0.022171 -0.018555 0.006287 0.166382 
0.076111 0.022736 -0.002930 -0.003448 0.000626 0.013504 0.182617 
0.081238 0.024887 0.000217 0.002586 0.005074 0.022186 0.191772 
0.071350 0.029236 -0.011169 -0.003380 -0.001091 0.016357 0.192017 
0.010086 -0.030945 -0.084167 -0.072327 -0.073792 -0.040924 0.150757 
-0.009590 -0.004860 -0.034058 -0.033875 -0.044159 0.013680 0.106201 

-0.171021 -0.203857 -0.326660 -0.339600 -0.360352 -0.281494 -0.124207 
-0.068176 -0.016693 -0.215454 -0.232178 -0.245850 -0.062195 -0.075989 
-0.071655 0.009644 -0.242188 -0.271729 -0.289551 -0.100098 -0.111938 
-0.081055 -0.047455 -0.293213 -0.343750 -0.331299 -0.109741 -0.113342 
-0.047089 -0.022064 -0.240479 -0.300293 -0.279297 -0.080688 -0.097534 
-0.013565 -0.075500 -0.261963 -0.327881 -0.300781 -0.120056 -0.055878 
-0.216309 -0.270020 -0.444580 -0.484375 -0.463379 -0.319092 -0.140991 

0.242676 0.231812 0.229736 0.225220 0.230957 0.216064 0.220459 
0.092041 0.098572 0.111084 0.109436 0.106689 0.103210 0.057007 
0.062866 0.047363 0.031433 0.041046 0.036926 0.072876 0.040344 
0.032715 0.026306 0.011444 0.014069 0.010864 0.045013 0.012657 
0.035461 0.028778 0.012360 0.017548 0.010193 0.037537 0.020020 
-0.033752 -0.067200 -0.086243 -0.079407 -0.084839 -0.026489 -0.016495 
0.110413 0.109802 0.126709 0.125732 0.126343 0.152588 0.121094 

0.336426 0.211426 0.212036 0.200195 0.211426 0.275879 0.347168 
0.215210 0.137695 0.167847 0.156860 0.179688 0.233521 0.273438 
0.116028 0.099243 0.117737 0.115112 0.135742 0.225342 0.184448 
0.095764 0.072754 0.085205 0.090759 0.105530 0.197632 0.175781 
0.098267 0.078003 0.081421 0.095337 0.107605 0.198364 0.172852 
0.080444 0.063110 0.056915 0.075134 0.085205 0.196899 0.215698 
0.150391 0.085876 0.086792 0.089294 0.087769 0.174927 0.235474 

-0.041534 0.046570 0.050476 0.039062 0.039642 -0.037933 -0.147705 
0.000107 0.158325 0.163818 0.166748 0.159424 0.070435 -0.131592 
-0.041168 0.137207 0.142090 0.143799 0.139160 0.076477 -0.131714 
-0.041565 0.130615 0.143555 0.139404 0.133057 0.069580 -0.146240 
-0.029114 0.141724 0.170166 0.158081 0.148682 0.086548 -0.144409 
-0.011627 0.134888 0.175171 0.155518 0.154663 0.098083 -0.071228 
-0.007843 0.128906 0.132690 0.120117 0.112793 0.092651 -0.041382 

0.284668 0.357422 0.279541 0.273926 0.290527 0.345947 0.193726 
0.362793 0.221680 0.123047 0.108826 0.126099 0.217651 0.315430 
0.260010 0.168457 0.068298 0.054840 0.072998 0.150269 0.200806 
0.255371 0.167603 0.072876 0.057129 0.082886 0.169189 0.200806 
0.238892 0.117737 0.022858 0.008499 0.030609 0.127441 0.190918 
0.219116 0.015549 -0.018860 -0.025635 -0.008537 0.032898 0.189331 
0.020615 0.038940 0.034210 0.027893 0.040436 0.051422 0.099121 

0.209106 0.292236 0.296143 0.321777 0.304199 0.223145 0.229492 
0.081665 0.204956 0.190186 0.231079 0.191895 0.078003 0.139038 
0.031311 0.217285 0.191528 0.212524 0.165527 0.064697 0.099426 
0.028671 0.209595 0.206299 0.215942 0.185547 0.079895 0.112061 
0.041840 0.210938 0.236084 0.227051 0.200073 0.090027 0.115784 
0.043701 0.193237 0.240601 0.228882 0.204712 0.063904 0.079773 
0.223022 0.268311 0.282959 0.285645 0.275391 0.138916 0.177734 

-0.014397 -0.172363 -0.158325 -0.157715 -0.157715 -0.161987 0.123535 
-0.037048 -0.236572 -0.217773 -0.216431 -0.219971 -0.163574 0.124451 
-0.076416 -0.274658 -0.234619 -0.224243 -0.218140 -0.198608 0.104492 
-0.064636 -0.246094 -0.214600 -0.186279 -0.188477 -0.173340 0.106812 
-0.090149 -0.247314 -0.249268 -0.211548 -0.219604 -0.182983 0.084595 
-0.044006 -0.199219 -0.193359 -0.152100 -0.153931 -0.119446 0.070435 
0.067749 -0.071228 -0.074463 -0.055786 -0.072510 -0.046295 0.126709 

0.354004 0.576172 0.406982 0.442627 0.406006 0.371338 0.292480 
0.675293 0.777832 0.574707 0.612305 0.560059 0.568359 0.598145 
0.716797 0.780762 0.549316 0.565918 0.522461 0.520996 0.525879 
0.726074 0.747559 0.541992 0.537109 0.513672 0.504395 0.539551 
0.751465 0.719238 0.561523 0.533691 0.533691 0.522949 0.568359 
0.721191 0.653320 0.510254 0.482666 0.504883 0.486816 0.547852 
0.477783 0.763184 0.616699 0.621582 0.619629 0.591797 0.468994 

-0.052368 -0.109070 -0.125732 -0.121948 -0.131348 -0.142700 -0.092529 
-0.043427 -0.096985 -0.110718 -0.102966 -0.109009 -0.130371 -0.114868 
-0.026474 -0.067139 -0.057678 -0.053619 -0.053619 -0.098511 -0.087097 
-0.028656 -0.077209 -0.074707 -0.077026 -0.064270 -0.098206 -0.084473 
-0.020905 -0.080078 -0.065063 -0.072693 -0.059723 -0.091125 -0.078491 
-0.056274 -0.129028 -0.123657 -0.132690 -0.123230 -0.158203 -0.129150 
0.012810 -0.121582 -0.110229 -0.108154 -0.111023 -0.120667 -0.095215 

-0.104858 -0.107788 -0.205811 -0.209961 -0.215454 -0.037018 -0.098572 
-0.032623 -0.041870 -0.168701 -0.167114 -0.167725 0.080383 0.094482 
-0.040405 -0.027771 -0.156128 -0.146118 -0.126831 0.119629 0.100952 
-0.042847 -0.036072 -0.170166 -0.152710 -0.140747 0.101440 0.095764 
-0.042877 -0.039246 -0.171509 -0.153687 -0.141846 0.107849 0.094971 
0.010330 0.021973 -0.107849 -0.093445 -0.081055 0.155396 0.154297 
-0.078125 -0.031372 -0.098389 -0.091309 -0.077393 0.045776 0.014679 

0.154297 0.199219 0.217041 0.213989 0.212524 0.221802 0.081909 
0.165405 0.129395 0.167236 0.160034 0.154907 0.125000 0.072510 
0.190796 0.154785 0.207031 0.202881 0.192749 0.141357 0.072815 
0.198730 0.165894 0.217896 0.214600 0.197998 0.149780 0.078064 
0.193726 0.160034 0.208008 0.207886 0.187134 0.133423 0.075439 
0.161133 0.108337 0.150391 0.152954 0.137695 0.115906 0.058533 
0.088745 0.087219 0.104980 0.106323 0.104248 0.106201 0.104736 

-0.067444 -0.091553 -0.095337 -0.086121 -0.088135 -0.105957 -0.179932 
-0.064514 -0.110046 -0.114258 -0.110291 -0.122070 -0.137451 -0.171021 
-0.154419 -0.176025 -0.189331 -0.194946 -0.205322 -0.206421 -0.240356 
-0.166504 -0.191040 -0.206543 -0.217041 -0.216797 -0.220459 -0.255371 
-0.166260 -0.203857 -0.215210 -0.232300 -0.231567 -0.232300 -0.256348 
-0.155029 -0.205444 -0.194458 -0.204224 -0.210327 -0.247437 -0.262207 
-0.166260 -0.170166 -0.165527 -0.166504 -0.165283 -0.201294 -0.216309 

0.218506 0.243896 0.229126 0.225830 0.236328 0.251709 0.250732 
0.213501 0.131470 0.105835 0.103271 0.111023 0.142212 0.231567 
0.164917 0.065186 0.053680 0.051636 0.069763 0.123230 0.195557 
0.165039 0.064331 0.051300 0.056030 0.070251 0.122864 0.195312 
0.154541 0.054535 0.038849 0.045898 0.060822 0.105225 0.192749 
0.156494 0.050354 0.060913 0.077454 0.081726 0.113953 0.208496 
0.109985 0.060211 0.061493 0.062195 0.064331 0.087708 0.119446 

-0.328613 -0.351318 -0.322021 -0.311279 -0.295166 -0.317871 -0.261963 
-0.271240 -0.420410 -0.397461 -0.388428 -0.376953 -0.387939 -0.325684 
-0.297852 -0.478516 -0.445801 -0.435059 -0.428467 -0.423340 -0.338135 
-0.307129 -0.479736 -0.451172 -0.426758 -0.442383 -0.432861 -0.343262 
-0.339844 -0.487549 -0.472900 -0.436768 -0.459229 -0.452637 -0.354492 
-0.377686 -0.526855 -0.489014 -0.454590 -0.476562 -0.491699 -0.381836 
-0.419189 -0.385742 -0.356201 -0.334961 -0.351807 -0.357422 -0.338379 

-0.087585 -0.071289 -0.042603 -0.032745 -0.053802 -0.100159 -0.095215 
-0.060425 0.022675 0.064392 0.067688 0.060272 0.051483 0.027878 
0.013184 0.126221 0.136475 0.135376 0.134521 0.154541 0.106628 
0.016830 0.130005 0.144653 0.140137 0.144531 0.158447 0.106140 
-0.000797 0.101685 0.126099 0.117249 0.125610 0.139893 0.096985 
-0.057037 -0.004700 0.062744 0.055176 0.068542 0.057739 0.047119 
-0.018158 0.010628 0.038116 0.033661 0.031174 0.028931 0.024994 

-0.032349 -0.091125 -0.079102 -0.082336 -0.077515 -0.057861 0.000000 
-0.052460 -0.117310 -0.117798 -0.123169 -0.119080 -0.077148 -0.016037 
-0.037933 -0.130005 -0.124817 -0.121887 -0.118591 -0.093323 -0.016342 
-0.043457 -0.136963 -0.137451 -0.128906 -0.133423 -0.098633 -0.021805 
-0.049377 -0.142456 -0.145386 -0.134644 -0.139893 -0.103027 -0.022141 
-0.119934 -0.197998 -0.200195 -0.184570 -0.193115 -0.145996 -0.063782 
-0.072266 -0.133789 -0.113403 -0.108398 -0.114502 -0.091125 -0.010170 

-0.112793 -0.143921 -0.135620 -0.140625 -0.134888 -0.103699 -0.043762 
-0.098877 -0.072266 -0.070435 -0.081787 -0.079956 -0.023834 0.015373 
-0.107117 -0.105957 -0.108459 -0.117432 -0.109497 -0.038055 0.009232 
-0.108276 -0.112793 -0.118713 -0.116455 -0.116089 -0.040405 0.018097 
-0.125488 -0.121399 -0.140015 -0.136475 -0.137329 -0.054504 0.001453 
-0.121826 -0.140869 -0.158203 -0.151855 -0.158447 -0.065918 0.014374 
-0.103210 -0.056335 -0.056549 -0.054657 -0.056824 -0.007126 -0.000099 

-0.280762 -0.164795 -0.235352 -0.208008 -0.235962 -0.157104 -0.159790 
-0.170044 0.039490 -0.041138 -0.034973 -0.064392 0.023148 -0.093262 
-0.143677 0.015900 -0.047729 -0.049683 -0.088013 -0.017273 -0.098267 
-0.132935 0.016205 -0.042114 -0.063721 -0.081421 -0.015762 -0.092529 
-0.144165 -0.000687 -0.033508 -0.069458 -0.073853 -0.015320 -0.079041 
-0.079407 0.088745 0.040039 -0.001678 -0.003906 0.039062 -0.028900 
-0.233643 -0.121887 -0.133179 -0.148926 -0.161621 -0.138794 -0.137939 

0.052856 0.095886 0.140015 0.147095 0.155640 0.058502 -0.087402 
0.139648 0.165039 0.212524 0.217651 0.216431 0.109314 -0.008202 
0.144897 0.190674 0.242920 0.247070 0.244629 0.149658 0.026047 
0.151611 0.192383 0.248047 0.256104 0.250488 0.153564 0.035004 
0.156372 0.184204 0.247925 0.254883 0.246582 0.146973 0.039825 
0.164185 0.206299 0.281250 0.287354 0.282715 0.185669 0.076355 
0.150757 0.179688 0.241089 0.244141 0.249146 0.136475 0.074097 

