-0.194092 -0.193848 -0.225464 -0.225708 -0.222778 -0.230591 -0.198608 
-0.111206 -0.126343 -0.130493 -0.140747 -0.129272 -0.137085 -0.105347 
-0.135986 -0.129639 -0.148438 -0.156250 -0.144409 -0.152466 -0.134521 
-0.137817 -0.119080 -0.136108 -0.139648 -0.138184 -0.143066 -0.132690 
-0.147095 -0.137939 -0.147949 -0.154297 -0.145264 -0.155518 -0.136597 
-0.147949 -0.147095 -0.158691 -0.173706 -0.167114 -0.168701 -0.139771 
-0.016083 0.100525 0.077820 0.061768 0.074097 0.086121 -0.006496 

-0.147095 -0.072510 -0.073486 -0.074280 -0.073120 -0.067810 -0.077820 
-0.042877 -0.124390 -0.132812 -0.127930 -0.133545 -0.134888 -0.041748 
-0.043610 -0.105408 -0.120911 -0.115662 -0.120605 -0.113220 -0.033508 
-0.028183 -0.090454 -0.108643 -0.100342 -0.106506 -0.102966 -0.030457 
-0.030518 -0.098633 -0.119263 -0.115479 -0.118103 -0.110901 -0.038239 
-0.030746 -0.101624 -0.114868 -0.105896 -0.110107 -0.103333 -0.041199 
-0.186035 -0.229370 -0.256592 -0.252930 -0.259277 -0.242310 -0.145142 

-0.005413 0.062561 0.098267 0.089661 0.099854 0.087830 -0.063721 
0.013657 0.141968 0.165527 0.152222 0.159790 0.144775 -0.016907 
0.040131 0.163208 0.180908 0.166748 0.167969 0.164551 0.026581 
0.041901 0.157593 0.164185 0.157227 0.151489 0.157593 0.014984 
0.041748 0.166870 0.174438 0.170654 0.161377 0.165527 0.018143 
0.032959 0.173706 0.187134 0.177002 0.168091 0.166504 0.019806 
0.025421 0.101379 0.118652 0.108643 0.105164 0.109741 -0.040253 

-0.001665 -0.031403 -0.043121 -0.046021 -0.048370 -0.028793 -0.044556 
-0.064209 -0.149048 -0.167236 -0.160400 -0.157593 -0.116943 -0.122681 
-0.077087 -0.141113 -0.156128 -0.158203 -0.144653 -0.107849 -0.113464 
-0.076599 -0.136230 -0.143799 -0.145630 -0.119934 -0.094727 -0.105164 
-0.066284 -0.144409 -0.132690 -0.149658 -0.121277 -0.094727 -0.100891 
-0.043579 -0.159912 -0.136108 -0.148438 -0.123901 -0.098389 -0.117065 
0.012604 -0.042206 -0.078796 -0.087585 -0.076477 -0.051208 -0.078491 

-0.128052 -0.203979 -0.191528 -0.185303 -0.200073 -0.206177 -0.182373 
-0.022385 -0.127808 -0.093323 -0.078613 -0.083496 -0.099121 -0.109314 
0.027206 -0.052887 -0.026489 -0.015404 -0.015930 -0.032593 -0.052307 
0.023987 -0.067383 -0.030548 -0.027405 -0.022659 -0.041412 -0.054779 
0.038300 -0.066895 -0.019730 -0.022522 -0.021759 -0.043152 -0.060791 
0.049164 -0.081238 -0.038879 -0.033142 -0.035248 -0.049164 -0.063721 
0.111755 -0.010040 0.017731 0.022995 0.014557 0.014519 0.068420 

0.073120 0.004654 0.012825 0.019196 0.018845 0.026474 0.098267 
0.100037 0.046387 0.061249 0.065186 0.063110 0.054718 0.088806 
0.122498 0.042786 0.071472 0.067566 0.065674 0.070557 0.120972 
0.135986 0.058777 0.089722 0.091553 0.092529 0.089355 0.112427 
0.141724 0.056183 0.084473 0.080383 0.074890 0.076904 0.110474 
0.151367 0.093384 0.126709 0.125122 0.110962 0.112915 0.107300 
0.098511 -0.026871 -0.011650 -0.013367 -0.026062 -0.023270 0.028839 

-0.472168 -0.307373 -0.343018 -0.353027 -0.326904 -0.364990 -0.485596 
-0.127319 -0.034607 -0.088013 -0.099243 -0.081116 -0.119324 -0.151367 
-0.118774 -0.061981 -0.095947 -0.110535 -0.105286 -0.127686 -0.140869 
-0.114502 -0.069458 -0.114868 -0.140991 -0.149780 -0.146973 -0.158691 
-0.126831 -0.070862 -0.105164 -0.124084 -0.131104 -0.132446 -0.146606 
-0.112122 -0.002556 -0.048950 -0.069336 -0.085327 -0.088928 -0.133301 
-0.091675 0.218506 0.165405 0.155029 0.159058 0.138428 -0.138794 

0.289062 0.218018 0.158203 0.159424 0.160889 0.178223 0.413574 
0.161133 -0.083984 -0.120117 -0.112854 -0.113464 -0.096069 0.239014 
0.086609 -0.193726 -0.213867 -0.214600 -0.207642 -0.188721 0.149536 
0.083374 -0.187500 -0.200806 -0.203247 -0.193481 -0.179688 0.147339 
0.082581 -0.177002 -0.194092 -0.192261 -0.184326 -0.176147 0.158936 
0.076050 -0.151611 -0.181519 -0.176514 -0.172363 -0.162842 0.158325 
0.099121 -0.032471 -0.076172 -0.065186 -0.069214 -0.065735 0.075928 

0.032043 -0.055847 -0.020401 -0.027420 -0.019043 -0.042694 -0.098755 
0.078125 -0.034424 0.021545 0.001347 0.003000 -0.024628 -0.026382 
0.042786 -0.084595 -0.046356 -0.059021 -0.063782 -0.086426 -0.069641 
0.049622 -0.070618 -0.038177 -0.041718 -0.066162 -0.060455 -0.059021 
0.033783 -0.068176 -0.057129 -0.050385 -0.075806 -0.073730 -0.066345 
0.016678 -0.077209 -0.077881 -0.063660 -0.087646 -0.095154 -0.074707 
-0.037201 -0.109192 -0.110535 -0.110352 -0.112244 -0.123596 -0.137085 

0.140747 0.166992 0.171631 0.163574 0.167847 0.187500 0.190796 
0.046265 0.032013 0.006519 -0.006969 0.007996 0.052826 0.134277 
0.033142 0.013176 -0.030807 -0.032837 -0.016251 0.019089 0.105957 
0.034851 0.010239 -0.022232 -0.028870 -0.012589 0.011375 0.109985 
0.028137 -0.004616 -0.027237 -0.036194 -0.013306 0.011215 0.124512 
0.032990 0.029037 0.004093 -0.013550 0.008514 0.027237 0.133667 
0.042175 0.081177 0.054840 0.044678 0.060669 0.069031 0.127197 

-0.293457 -0.217651 -0.222534 -0.220215 -0.209961 -0.218506 -0.084106 
-0.295166 -0.251465 -0.266113 -0.260742 -0.253174 -0.230347 -0.058044 
-0.312256 -0.241943 -0.241577 -0.246948 -0.234497 -0.217163 -0.054657 
-0.323486 -0.257324 -0.267334 -0.270264 -0.255127 -0.235229 -0.071533 
-0.322266 -0.263428 -0.258545 -0.268066 -0.246826 -0.227539 -0.060425 
-0.318115 -0.253174 -0.256104 -0.274658 -0.262207 -0.242554 -0.058899 
-0.241943 -0.207520 -0.218872 -0.213989 -0.214111 -0.202637 -0.029327 

0.216309 0.235840 0.235962 0.239380 0.232666 0.245361 0.187744 
0.118713 0.202271 0.218628 0.228149 0.217896 0.219116 0.083984 
0.110107 0.199463 0.211304 0.210815 0.207764 0.190063 0.079895 
0.118530 0.207275 0.220215 0.216919 0.223511 0.198853 0.088623 
0.122314 0.194092 0.219727 0.209961 0.215820 0.197632 0.084106 
0.121155 0.177979 0.212769 0.207520 0.219116 0.199097 0.075439 
0.093506 0.092712 0.102905 0.101501 0.117432 0.103882 0.084900 

0.377441 0.302979 0.275146 0.286621 0.278076 0.283203 0.488281 
0.276367 0.274170 0.268799 0.289307 0.270996 0.264160 0.360107 
0.271973 0.257324 0.266113 0.282471 0.267090 0.244507 0.333740 
0.276123 0.267090 0.263428 0.282959 0.266846 0.245728 0.342041 
0.267822 0.270996 0.260254 0.290527 0.265869 0.248779 0.336182 
0.239014 0.255371 0.247437 0.282715 0.264893 0.238281 0.331299 
0.217773 0.126221 0.138794 0.153442 0.137939 0.121460 0.285156 

0.376465 0.325684 0.343018 0.344727 0.339844 0.346924 0.334717 
0.224854 0.231323 0.252686 0.253418 0.257812 0.272217 0.232300 
0.229370 0.249634 0.254639 0.247925 0.257568 0.262207 0.213989 
0.234131 0.246216 0.260010 0.254883 0.265625 0.274902 0.213379 
0.241943 0.243652 0.275879 0.258301 0.260254 0.276611 0.222290 
0.260010 0.239990 0.289062 0.269531 0.272949 0.290771 0.206055 
0.417236 0.422852 0.433838 0.433350 0.436279 0.431641 0.343018 

-0.112488 -0.090210 -0.057007 -0.055328 -0.052307 -0.078064 -0.218506 
0.038239 0.094299 0.128906 0.123718 0.130005 0.110718 -0.051666 
0.041321 0.099426 0.139648 0.131836 0.135620 0.122009 -0.041534 
0.047272 0.105774 0.150146 0.141846 0.142334 0.124817 -0.049591 
0.045532 0.101929 0.147827 0.135986 0.135986 0.121033 -0.058624 
0.043091 0.095154 0.138672 0.119263 0.114502 0.106506 -0.059021 
-0.060425 -0.030518 0.010529 0.000862 0.003220 -0.010544 -0.137817 

-0.071289 -0.258545 -0.267578 -0.277100 -0.266113 -0.292236 -0.058167 
-0.037079 -0.188110 -0.170654 -0.191772 -0.171875 -0.206299 -0.052246 
-0.067444 -0.234741 -0.214844 -0.226196 -0.214111 -0.230957 -0.101990 
-0.075562 -0.223877 -0.211914 -0.217651 -0.216919 -0.215576 -0.099426 
-0.064575 -0.211914 -0.209839 -0.204712 -0.208130 -0.197998 -0.076904 
-0.078308 -0.224365 -0.246582 -0.235840 -0.238770 -0.232056 -0.096619 
0.099182 -0.115601 -0.116211 -0.107971 -0.110229 -0.120422 0.007370 

-0.284668 -0.069275 -0.052246 -0.054169 -0.064270 -0.054352 -0.164795 
-0.466309 -0.205811 -0.187256 -0.188354 -0.197266 -0.198608 -0.324951 
-0.449951 -0.177734 -0.171875 -0.162231 -0.165039 -0.157959 -0.293213 
-0.437012 -0.153564 -0.152588 -0.139404 -0.154053 -0.146729 -0.283691 
-0.451904 -0.162842 -0.176147 -0.153931 -0.174805 -0.169067 -0.297607 
-0.450195 -0.178711 -0.211426 -0.186279 -0.203613 -0.199463 -0.301514 
-0.285645 -0.059631 -0.064941 -0.059937 -0.071960 -0.059784 -0.142212 

-0.104187 -0.135376 -0.175171 -0.170044 -0.164307 -0.165894 -0.011497 
0.012634 0.019775 -0.047699 -0.034943 -0.034332 -0.028702 0.096863 
0.037628 0.046417 -0.028351 -0.022003 -0.013054 -0.001532 0.128784 
0.030716 0.038147 -0.039734 -0.034882 -0.025635 -0.009926 0.113464 
0.028763 0.039398 -0.034607 -0.031494 -0.022079 -0.007046 0.113831 
0.047180 0.049652 -0.026550 -0.036102 -0.029312 -0.011856 0.129028 
0.221191 0.159668 0.103149 0.104858 0.114441 0.126953 0.260010 

-0.065308 -0.029800 -0.037384 -0.020248 -0.029816 -0.041840 -0.058411 
-0.027451 0.020493 -0.010529 0.011490 0.003534 0.005821 0.004768 
-0.033386 0.010864 -0.018372 -0.002106 -0.004501 -0.009293 -0.014931 
-0.016937 -0.000820 -0.015930 -0.011185 -0.006859 -0.019272 -0.016495 
-0.014969 0.004932 0.001410 0.002033 0.000496 -0.008896 -0.015579 
0.020035 0.010834 0.004848 0.004326 -0.004990 0.000200 -0.003424 
-0.164917 -0.180176 -0.175049 -0.163818 -0.182495 -0.189209 -0.102905 

-0.382568 -0.399414 -0.389160 -0.392090 -0.388184 -0.382568 -0.336914 
-0.248291 -0.264648 -0.250000 -0.249512 -0.247559 -0.236694 -0.193726 
-0.192871 -0.212646 -0.187866 -0.197144 -0.195068 -0.186035 -0.132690 
-0.202515 -0.223389 -0.188843 -0.208862 -0.202026 -0.193115 -0.133789 
-0.195679 -0.225586 -0.185913 -0.208862 -0.199829 -0.191528 -0.137939 
-0.191040 -0.213989 -0.175903 -0.192505 -0.184570 -0.178467 -0.126953 
-0.231445 -0.306152 -0.281006 -0.298340 -0.294434 -0.283447 -0.186523 

0.072205 0.091370 0.084412 0.067688 0.080872 0.055237 -0.001274 
0.118591 0.102966 0.105103 0.092041 0.100220 0.064636 0.028763 
0.137573 0.102051 0.100403 0.092468 0.098938 0.059570 0.011368 
0.137085 0.098511 0.082581 0.078857 0.074097 0.041290 -0.004917 
0.133667 0.102295 0.092712 0.094421 0.087708 0.050629 -0.001671 
0.105347 0.085754 0.079224 0.068237 0.064758 0.030090 -0.011765 
-0.106689 -0.075745 -0.073975 -0.090271 -0.082581 -0.106323 -0.158081 

0.168823 0.001186 0.044220 0.033142 0.038025 0.010544 0.168701 
0.305908 0.083679 0.146362 0.132080 0.125854 0.088562 0.229736 
0.333496 0.080322 0.119995 0.114868 0.107605 0.087341 0.241333 
0.357178 0.130249 0.171875 0.180786 0.150757 0.137695 0.269043 
0.337402 0.116577 0.136963 0.156982 0.123535 0.111694 0.250977 
0.297852 0.100708 0.108398 0.125488 0.106018 0.098083 0.234497 
0.468018 0.300293 0.312012 0.307373 0.293213 0.276367 0.413330 

-0.170532 -0.281250 -0.273682 -0.266113 -0.275146 -0.269287 -0.019165 
-0.058197 -0.201538 -0.227905 -0.213013 -0.222168 -0.187988 0.043976 
-0.053741 -0.190552 -0.218872 -0.214111 -0.220703 -0.189331 0.030533 
-0.054504 -0.205811 -0.236084 -0.241943 -0.229492 -0.198853 0.020660 
-0.054871 -0.211914 -0.221680 -0.238647 -0.216797 -0.190552 0.037537 
-0.023422 -0.208862 -0.213989 -0.238525 -0.213867 -0.190308 0.042511 
-0.163818 -0.395996 -0.428955 -0.432861 -0.421875 -0.408936 -0.137939 

0.076416 0.101196 0.106140 0.104431 0.107239 0.105713 0.141479 
0.024796 0.061859 0.062866 0.060638 0.063599 0.050079 0.138672 
0.008606 0.042084 0.048645 0.049896 0.048431 0.041992 0.145630 
0.009567 0.052521 0.062195 0.071716 0.066956 0.058960 0.148438 
0.009621 0.047913 0.045868 0.058624 0.053711 0.050385 0.149048 
0.026886 0.047699 0.049133 0.064209 0.056091 0.046997 0.153076 
-0.061981 -0.036865 -0.045898 -0.046143 -0.052277 -0.044037 0.033051 

-0.344727 -0.353027 -0.308838 -0.318115 -0.316650 -0.349854 -0.484375 
-0.128784 -0.164673 -0.109436 -0.111389 -0.120056 -0.172729 -0.286377 
-0.093994 -0.160400 -0.121521 -0.112061 -0.130737 -0.179077 -0.275879 
-0.088013 -0.140015 -0.101257 -0.090698 -0.125854 -0.159546 -0.247803 
-0.102356 -0.149902 -0.130127 -0.099731 -0.137451 -0.174805 -0.272461 
-0.111145 -0.154419 -0.146118 -0.099548 -0.130981 -0.171631 -0.269287 
-0.098633 -0.115601 -0.103455 -0.077515 -0.095947 -0.134277 -0.198730 

0.083374 0.140991 0.133301 0.132812 0.140503 0.124451 0.194702 
0.012955 0.104858 0.115112 0.101746 0.107239 0.108765 0.114502 
0.001627 0.050812 0.051941 0.035492 0.043732 0.038147 0.064209 
-0.003670 0.051239 0.051849 0.045044 0.046478 0.054688 0.076111 
0.001417 0.058136 0.046692 0.048553 0.044434 0.060913 0.087769 
0.021957 0.070801 0.049988 0.051178 0.049561 0.072876 0.101440 
0.251953 0.322998 0.297607 0.295166 0.310303 0.305420 0.299561 

-0.116272 -0.003408 -0.033630 -0.016876 -0.037140 -0.026672 -0.110962 
-0.209595 -0.063660 -0.108643 -0.091736 -0.103149 -0.075500 -0.214722 
-0.249512 -0.066772 -0.111572 -0.085144 -0.101685 -0.073425 -0.238159 
-0.251465 -0.077698 -0.117493 -0.096191 -0.100342 -0.071838 -0.225098 
-0.250977 -0.076904 -0.122925 -0.096619 -0.099609 -0.077209 -0.229126 
-0.244507 -0.100098 -0.146606 -0.116516 -0.121521 -0.092834 -0.246338 
-0.175659 -0.091248 -0.166504 -0.143066 -0.152954 -0.125000 -0.117859 

-0.186279 -0.224121 -0.244385 -0.259277 -0.251709 -0.244507 -0.125122 
0.121216 0.014709 0.010391 -0.009811 0.006626 0.038727 0.118835 
0.144775 0.049652 0.034607 0.015823 0.038239 0.081360 0.160400 
0.143188 0.032104 0.025223 -0.005672 0.016708 0.068420 0.144165 
0.156616 0.036560 0.036072 0.004562 0.021118 0.070618 0.148438 
0.189575 0.041931 0.047760 0.014832 0.027985 0.078247 0.148315 
-0.042816 -0.229858 -0.261230 -0.271484 -0.262207 -0.247681 -0.094177 

0.365479 0.267090 0.278076 0.274414 0.269043 0.280029 0.203003 
0.270264 0.221802 0.232910 0.228760 0.224121 0.211914 0.097656 
0.303711 0.241333 0.243530 0.246094 0.246826 0.236206 0.132935 
0.324707 0.258789 0.269531 0.274902 0.263184 0.267090 0.145020 
0.323486 0.256836 0.255859 0.264160 0.242432 0.250244 0.131958 
0.340820 0.281738 0.292725 0.311035 0.295166 0.294678 0.154175 
0.489502 0.353516 0.366699 0.375977 0.368164 0.365234 0.323730 

0.078430 0.177734 0.216797 0.202515 0.197144 0.209839 0.109985 
0.115051 0.129150 0.161743 0.162109 0.159790 0.181396 0.158081 
0.101074 0.108398 0.130127 0.124634 0.132812 0.152954 0.162598 
0.118286 0.129639 0.166260 0.173706 0.170044 0.183838 0.182007 
0.111145 0.114624 0.146606 0.159058 0.144897 0.171143 0.175293 
0.123901 0.128662 0.169922 0.186768 0.180542 0.198486 0.187134 
0.114990 0.208862 0.228760 0.245117 0.220215 0.236450 0.107788 

-0.085571 0.058289 0.067505 0.075806 0.071472 0.079834 -0.154053 
-0.071533 0.181152 0.212524 0.217773 0.231812 0.225952 0.010895 
-0.074585 0.196411 0.223145 0.218506 0.234497 0.231201 0.013390 
-0.073547 0.168701 0.208374 0.199829 0.223633 0.219238 0.001370 
-0.051178 0.182983 0.239380 0.228638 0.242920 0.241211 0.011375 
-0.013206 0.195312 0.253662 0.241699 0.247314 0.246460 0.014458 
-0.276855 -0.128540 -0.086060 -0.084290 -0.080017 -0.084045 -0.243530 

0.055725 0.093384 0.135864 0.133423 0.137817 0.133179 0.037079 
0.035950 0.082642 0.133423 0.128418 0.132568 0.108093 0.093384 
0.050354 0.108093 0.148560 0.136963 0.149658 0.131226 0.095703 
0.049438 0.107849 0.143311 0.125732 0.123474 0.134521 0.089233 
0.045868 0.104126 0.138916 0.130249 0.127808 0.132812 0.086121 
0.043732 0.103455 0.133423 0.123535 0.121338 0.122742 0.089417 
0.124817 0.243652 0.281006 0.272705 0.279297 0.282227 0.121887 

-0.134277 -0.119019 -0.114197 -0.122375 -0.117859 -0.122314 -0.058716 
0.019287 -0.021454 -0.028427 -0.032562 -0.032013 -0.032806 0.036835 
0.043762 -0.003685 -0.017059 -0.017410 -0.022003 -0.018738 0.063782 
0.044495 0.002655 -0.016083 -0.018295 -0.021957 -0.020645 0.066406 
0.042877 0.004784 -0.020325 -0.015854 -0.019302 -0.019272 0.062927 
0.033752 0.000084 -0.024857 -0.019958 -0.022247 -0.024017 0.068481 
0.032806 0.061035 0.040771 0.040863 0.040222 0.040649 0.041809 

0.093201 0.063416 0.022491 0.031403 0.022125 0.028107 0.190063 
0.034546 -0.071655 -0.066284 -0.065918 -0.065796 -0.049500 0.095703 
0.005878 -0.087891 -0.067139 -0.068787 -0.066711 -0.053650 0.077393 
-0.004616 -0.103577 -0.081055 -0.080627 -0.077454 -0.067566 0.073242 
-0.001171 -0.105835 -0.079895 -0.077271 -0.072327 -0.064087 0.073303 
-0.010033 -0.130371 -0.114136 -0.115234 -0.110474 -0.098267 0.060699 
0.145996 -0.022995 -0.026398 -0.025009 -0.029022 -0.013557 0.178223 

-0.219849 -0.233643 -0.309570 -0.274658 -0.287598 -0.289307 -0.150391 
-0.254150 -0.273438 -0.307373 -0.274414 -0.290527 -0.260742 -0.173462 
-0.256592 -0.279053 -0.304199 -0.281494 -0.293945 -0.270752 -0.207275 
-0.271973 -0.279541 -0.301514 -0.289062 -0.273438 -0.269531 -0.196411 
-0.264160 -0.280762 -0.302002 -0.278564 -0.263672 -0.265625 -0.187988 
-0.251221 -0.272461 -0.306152 -0.281006 -0.281250 -0.266602 -0.182251 
-0.077087 -0.067139 -0.108765 -0.085266 -0.089600 -0.067078 -0.004871 

-0.070984 -0.131958 -0.153320 -0.144409 -0.139771 -0.122375 -0.226074 
-0.096985 -0.185791 -0.197021 -0.199707 -0.183838 -0.149170 -0.205200 
-0.126831 -0.175415 -0.184937 -0.190430 -0.171387 -0.141479 -0.225220 
-0.122253 -0.165894 -0.176025 -0.184448 -0.163574 -0.132446 -0.229614 
-0.117615 -0.172119 -0.164062 -0.179199 -0.153564 -0.121399 -0.219116 
-0.067200 -0.143066 -0.127075 -0.151733 -0.132812 -0.100586 -0.203613 
-0.030045 0.003735 0.014061 -0.001019 0.008560 0.036011 -0.132324 

-0.116150 -0.156128 -0.183960 -0.180298 -0.174072 -0.197021 -0.111084 
0.122986 0.113220 0.057098 0.064148 0.069336 0.053040 0.082397 
0.184204 0.187134 0.145508 0.152710 0.152466 0.131470 0.154053 
0.179199 0.172241 0.124512 0.127563 0.125977 0.114502 0.147095 
0.171631 0.168335 0.126831 0.137329 0.135620 0.117676 0.138428 
0.185547 0.147949 0.088379 0.089233 0.087341 0.082581 0.133545 
0.105469 0.100708 0.059082 0.055878 0.058563 0.053192 0.119934 

0.037750 0.069763 0.076355 0.079651 0.092163 0.067200 -0.041626 
-0.185913 -0.118042 -0.091980 -0.107422 -0.097534 -0.147339 -0.195312 
-0.199829 -0.162842 -0.145020 -0.159180 -0.148926 -0.192505 -0.195557 
-0.194458 -0.142944 -0.113037 -0.114746 -0.131226 -0.164062 -0.192017 
-0.197998 -0.140137 -0.129883 -0.117004 -0.144775 -0.164795 -0.188843 
-0.197998 -0.122864 -0.135010 -0.115662 -0.139526 -0.159790 -0.179810 
-0.085571 -0.045654 -0.047791 -0.028717 -0.043274 -0.049530 -0.116089 

-0.140625 -0.188110 -0.181641 -0.196899 -0.184204 -0.193481 -0.125732 
-0.179321 -0.195557 -0.167480 -0.190796 -0.177368 -0.196167 -0.159790 
-0.155518 -0.148926 -0.126343 -0.150146 -0.136353 -0.141724 -0.121033 
-0.149048 -0.140015 -0.125610 -0.142700 -0.138428 -0.143555 -0.131836 
-0.150635 -0.140137 -0.114746 -0.138916 -0.140381 -0.135254 -0.122986 
-0.149536 -0.150391 -0.117065 -0.140991 -0.135010 -0.136475 -0.131836 
-0.105469 -0.142822 -0.115051 -0.123718 -0.119080 -0.122437 -0.096558 

-0.156738 -0.120239 -0.148560 -0.133667 -0.138184 -0.146118 -0.156250 
-0.119690 -0.120972 -0.129639 -0.129639 -0.131104 -0.143433 -0.137939 
-0.154297 -0.169067 -0.166260 -0.173462 -0.171021 -0.178467 -0.165405 
-0.141479 -0.161011 -0.166504 -0.171021 -0.167114 -0.175537 -0.164795 
-0.145142 -0.160400 -0.164673 -0.162476 -0.163940 -0.173584 -0.157471 
-0.129761 -0.148926 -0.148193 -0.147705 -0.151001 -0.157837 -0.145386 
-0.076782 -0.069702 -0.065552 -0.067688 -0.060455 -0.062073 -0.110413 

-0.092041 -0.052856 -0.060394 -0.055664 -0.050476 -0.048615 -0.027771 
-0.198486 -0.236938 -0.238037 -0.247925 -0.242065 -0.260498 -0.175171 
-0.186157 -0.187134 -0.187500 -0.194946 -0.197021 -0.188110 -0.105347 
-0.172241 -0.173340 -0.182739 -0.178955 -0.173950 -0.188721 -0.111206 
-0.171387 -0.172485 -0.177734 -0.177490 -0.183960 -0.190308 -0.111450 
-0.144165 -0.145508 -0.146118 -0.144287 -0.148071 -0.155151 -0.105408 
-0.033295 0.051239 0.048187 0.046021 0.033875 0.029388 0.028442 

-0.074219 -0.014565 -0.027908 -0.018631 -0.026337 -0.022980 -0.032074 
0.003134 0.039154 0.036224 0.042389 0.042175 0.038483 0.036713 
0.012581 0.041351 0.056885 0.053741 0.051727 0.048004 0.036499 
0.011917 0.041595 0.052979 0.046692 0.046265 0.032928 0.039001 
0.010902 0.041534 0.052185 0.051239 0.054138 0.040131 0.039429 
0.001925 0.021515 0.021561 0.020599 0.025192 0.009613 0.033417 
-0.027405 0.065979 0.057495 0.056183 0.053040 0.047668 0.017227 

-0.245239 -0.185425 -0.217041 -0.210205 -0.219116 -0.230225 -0.224609 
-0.209595 -0.141357 -0.189941 -0.168701 -0.183105 -0.192139 -0.202637 
-0.195435 -0.124146 -0.165039 -0.149902 -0.155640 -0.164307 -0.215210 
-0.197021 -0.114014 -0.159546 -0.147827 -0.154541 -0.174316 -0.204590 
-0.207031 -0.115173 -0.165039 -0.153931 -0.154175 -0.177612 -0.203613 
-0.211182 -0.122681 -0.166748 -0.161011 -0.162598 -0.182861 -0.199463 
-0.414795 -0.309326 -0.317871 -0.323486 -0.322998 -0.332764 -0.385010 

-0.088623 -0.003609 0.014473 0.008842 0.006401 0.015869 -0.008171 
-0.083557 -0.013626 -0.000640 -0.000082 -0.002949 -0.005081 0.032990 
-0.079163 -0.008804 0.002350 0.001748 -0.001528 -0.002575 0.034546 
-0.074829 0.000162 0.010643 0.003929 0.000600 -0.006493 0.030304 
-0.072205 -0.001788 0.006119 0.000000 -0.001446 -0.010475 0.029068 
-0.078491 -0.009514 0.005287 0.000397 -0.000817 -0.012032 0.040100 
-0.060638 0.051483 0.051453 0.049072 0.043488 0.038422 0.041779 

0.061981 0.133667 0.088684 0.082336 0.085083 0.108582 0.125244 
0.087952 0.143677 0.083252 0.067688 0.085510 0.130981 0.154663 
0.125122 0.191162 0.131958 0.111389 0.138184 0.195435 0.193115 
0.125244 0.192139 0.136475 0.116821 0.149536 0.203857 0.194824 
0.118408 0.180054 0.129028 0.106018 0.145142 0.200562 0.200195 
0.120972 0.173096 0.109070 0.075928 0.111328 0.173096 0.185791 
-0.097534 0.033661 0.007652 -0.010231 0.012848 0.052643 0.015701 

-0.121521 -0.043274 -0.023529 -0.032318 -0.032562 -0.021103 -0.183228 
-0.262207 -0.228149 -0.252930 -0.257080 -0.260742 -0.241211 -0.267090 
-0.281738 -0.245605 -0.247437 -0.244385 -0.238159 -0.229614 -0.310303 
-0.271484 -0.228760 -0.228394 -0.245605 -0.237793 -0.226440 -0.300781 
-0.270508 -0.229126 -0.239380 -0.255859 -0.250488 -0.240356 -0.302246 
-0.281250 -0.234253 -0.243164 -0.258545 -0.247070 -0.239990 -0.300781 
-0.436768 -0.445801 -0.435547 -0.439453 -0.434814 -0.443848 -0.491943 

0.052307 0.055145 0.076477 0.075623 0.074585 0.088928 0.092163 
-0.041504 -0.081787 -0.065430 -0.059204 -0.063232 -0.057281 -0.057465 
-0.032501 -0.079651 -0.058105 -0.053406 -0.052856 -0.057892 -0.048218 
-0.026749 -0.083069 -0.056335 -0.051361 -0.056580 -0.059082 -0.053101 
-0.026611 -0.085632 -0.053589 -0.055145 -0.064148 -0.057159 -0.057983 
-0.042175 -0.092224 -0.045898 -0.037903 -0.047455 -0.045044 -0.064148 
-0.095825 -0.222900 -0.193604 -0.191284 -0.207642 -0.208496 -0.139771 

-0.074951 -0.118164 -0.129150 -0.117371 -0.126343 -0.116455 -0.045227 
0.017960 -0.003002 -0.021774 -0.007057 -0.011604 0.009644 0.011246 
0.043976 0.056976 0.033356 0.051208 0.049774 0.067688 0.023834 
0.028931 0.033783 0.008331 0.020660 0.029907 0.047211 0.017090 
0.034851 0.028137 0.015884 0.022598 0.027710 0.044037 0.022980 
0.067993 0.033295 0.033356 0.034393 0.040222 0.063110 0.053802 
0.022736 0.049988 0.034241 0.045135 0.040955 0.058838 0.024399 

-0.152954 -0.125732 -0.055023 -0.080872 -0.069946 -0.102661 -0.141968 
-0.017792 -0.014023 0.034302 0.013466 0.027740 -0.014046 -0.069214 
0.043610 0.060791 0.087036 0.073120 0.073730 0.038879 0.004669 
0.050659 0.078430 0.108643 0.098938 0.081848 0.052185 0.014778 
0.051453 0.078186 0.101929 0.093018 0.070007 0.042084 0.004280 
0.052704 0.070068 0.105103 0.099365 0.088562 0.060486 0.009033 
0.161133 0.172852 0.187012 0.175293 0.167114 0.133667 0.110474 

-0.206299 -0.174927 -0.138184 -0.148193 -0.134399 -0.141235 -0.095276 
0.062500 -0.026672 -0.021561 -0.035583 -0.027206 -0.019852 0.220581 
0.066956 -0.036011 -0.043091 -0.055023 -0.048645 -0.040070 0.236572 
0.057068 -0.052765 -0.078369 -0.098633 -0.090454 -0.076111 0.206543 
0.060974 -0.038361 -0.051086 -0.077393 -0.057007 -0.050354 0.218506 
0.068665 -0.027557 -0.031021 -0.068054 -0.049744 -0.041107 0.214844 
-0.024384 -0.082703 -0.099182 -0.102112 -0.095947 -0.081909 0.073608 

0.041718 0.078491 0.035492 0.054382 0.059082 0.080566 0.171875 
0.060364 -0.007809 -0.075012 -0.062469 -0.050140 -0.001845 0.175415 
0.070862 -0.011230 -0.064880 -0.072388 -0.050751 0.002508 0.179321 
0.067017 -0.028061 -0.076294 -0.090942 -0.048584 -0.009758 0.164062 
0.092834 -0.022858 -0.046814 -0.076233 -0.026047 0.014755 0.192505 
0.164429 0.041931 0.023758 -0.017517 0.018158 0.058411 0.228027 
0.109802 0.007786 -0.011932 -0.022461 -0.000504 0.027527 0.097290 

0.023758 -0.007046 0.055359 0.058807 0.058044 0.075684 0.019897 
0.078552 0.056274 0.096741 0.100952 0.102600 0.136841 0.122925 
0.065186 0.077393 0.107849 0.115540 0.119324 0.146484 0.139160 
0.069153 0.086609 0.123596 0.125854 0.146240 0.158569 0.157227 
0.069519 0.066956 0.115906 0.109802 0.135864 0.159302 0.145508 
0.091187 0.048767 0.108459 0.111206 0.133545 0.163696 0.133057 
0.020172 0.013130 0.051575 0.047913 0.057465 0.081421 0.060760 

-0.063782 -0.175415 -0.195312 -0.186157 -0.193970 -0.204346 -0.065552 
0.031281 -0.190796 -0.181396 -0.181763 -0.179810 -0.192871 -0.020157 
0.028168 -0.172119 -0.151978 -0.153198 -0.150513 -0.164795 -0.032135 
0.020142 -0.186157 -0.161377 -0.155518 -0.157837 -0.163452 -0.021332 
0.013092 -0.195679 -0.179932 -0.167358 -0.167969 -0.181763 -0.035095 
0.035767 -0.205688 -0.186768 -0.173584 -0.178833 -0.192993 -0.008492 
-0.066589 -0.210205 -0.215942 -0.201904 -0.210083 -0.210815 -0.102905 

-0.064453 0.016693 0.090820 0.078796 0.086670 0.081421 -0.147217 
0.093201 0.174316 0.187988 0.179199 0.184082 0.186523 -0.048645 
0.141724 0.220703 0.223267 0.216553 0.219116 0.244995 0.029160 
0.148804 0.229004 0.235596 0.231934 0.234619 0.261475 0.030197 
0.153442 0.227173 0.240356 0.228882 0.230713 0.256836 0.021240 
0.186768 0.262695 0.272705 0.262207 0.266113 0.294678 0.036072 
0.159424 0.254395 0.250732 0.250000 0.250977 0.262451 -0.006516 

0.068787 0.064880 0.080994 0.083679 0.082947 0.088074 0.123169 
0.126953 0.140137 0.142456 0.139282 0.139282 0.142212 0.192383 
0.115540 0.133057 0.122620 0.118896 0.124146 0.129639 0.185059 
0.118408 0.138428 0.127197 0.126831 0.129272 0.127075 0.179565 
0.123779 0.145142 0.134033 0.132935 0.129639 0.130005 0.180664 
0.135742 0.161133 0.155273 0.151123 0.151001 0.150146 0.189575 
0.204102 0.301758 0.304688 0.298096 0.302979 0.300049 0.276611 

0.207397 -0.048187 -0.050385 -0.072205 -0.054993 -0.076172 0.144409 
0.183716 -0.217041 -0.193237 -0.230469 -0.211914 -0.251465 0.027039 
0.190186 -0.191650 -0.165527 -0.185913 -0.185425 -0.213745 0.044891 
0.215820 -0.145996 -0.117676 -0.132690 -0.153931 -0.171021 0.057068 
0.208984 -0.156860 -0.159058 -0.153564 -0.188232 -0.194824 0.052063 
0.201416 -0.170898 -0.196167 -0.198608 -0.224487 -0.228638 0.037842 
0.241455 0.084167 0.089172 0.059875 0.054230 0.036255 0.194702 

0.185181 0.111389 0.116760 0.123413 0.118347 0.125854 0.119812 
0.043182 0.035522 0.028412 0.039276 0.036438 0.038116 -0.027969 
0.050659 0.050690 0.035431 0.039581 0.045776 0.041870 -0.012123 
0.042297 0.032104 0.020660 0.023132 0.031708 0.026962 -0.029663 
0.049469 0.042084 0.037018 0.034058 0.045319 0.033234 -0.017334 
0.040741 0.047485 0.047760 0.047302 0.055634 0.049774 -0.011925 
0.226440 0.123291 0.118652 0.114380 0.111633 0.129028 0.126465 

0.132324 0.047760 0.056671 0.063904 0.058777 0.075195 0.247681 
0.266602 0.122925 0.087524 0.110962 0.102417 0.143555 0.394043 
0.258057 0.130737 0.104736 0.120361 0.118164 0.160278 0.392090 
0.250732 0.130493 0.112305 0.119507 0.135620 0.156738 0.385254 
0.261230 0.131958 0.117615 0.117981 0.137451 0.160889 0.389648 
0.252930 0.129395 0.131348 0.129883 0.139771 0.169678 0.387451 
0.126587 -0.014618 -0.018738 -0.011528 -0.015305 0.003788 0.232666 

-0.089600 -0.002298 -0.014542 -0.014328 -0.018143 -0.020172 -0.090576 
-0.081482 0.049133 0.046570 0.055847 0.052032 0.046173 -0.042847 
-0.074585 0.049561 0.042603 0.049927 0.049255 0.043091 -0.043396 
-0.082947 0.038513 0.034241 0.040039 0.038452 0.036560 -0.044250 
-0.076233 0.044556 0.042175 0.049744 0.048523 0.040222 -0.045837 
-0.073120 0.043091 0.041199 0.051880 0.048096 0.042480 -0.044434 
-0.170776 -0.081543 -0.088684 -0.083618 -0.085938 -0.085205 -0.138916 

-0.201416 -0.247925 -0.247314 -0.236572 -0.246460 -0.211914 -0.186279 
-0.200806 -0.286377 -0.335205 -0.319336 -0.319580 -0.253662 -0.192505 
-0.216431 -0.283447 -0.313477 -0.302734 -0.291504 -0.255127 -0.193848 
-0.220459 -0.294434 -0.317139 -0.313477 -0.281006 -0.267090 -0.193604 
-0.206299 -0.291504 -0.309814 -0.312012 -0.281250 -0.263916 -0.185303 
-0.175049 -0.273682 -0.276367 -0.274658 -0.255371 -0.217407 -0.172607 
-0.157104 -0.235596 -0.232300 -0.225586 -0.213135 -0.192505 -0.155273 

-0.072754 -0.102112 -0.135498 -0.134277 -0.129517 -0.140747 -0.058228 
0.039978 -0.046814 -0.064880 -0.069092 -0.060760 -0.065552 0.081543 
0.074707 -0.006271 -0.031799 -0.036072 -0.027405 -0.024094 0.114685 
0.067261 -0.012428 -0.039703 -0.043854 -0.036194 -0.037628 0.107178 
0.065613 -0.012131 -0.038422 -0.044678 -0.031830 -0.034546 0.110535 
0.076660 -0.011246 -0.035522 -0.041412 -0.033752 -0.032806 0.106628 
0.007393 -0.024307 -0.047028 -0.051483 -0.040405 -0.038422 0.019119 

-0.199707 -0.110962 -0.089783 -0.100586 -0.086670 -0.101196 -0.234741 
-0.196289 -0.050812 -0.037292 -0.050598 -0.033020 -0.068298 -0.168579 
-0.175293 -0.028564 0.002079 -0.009338 0.004391 -0.025330 -0.153442 
-0.179077 -0.033966 -0.008644 -0.019241 -0.014137 -0.033966 -0.167603 
-0.170410 -0.025085 0.009674 -0.000840 0.000183 -0.021927 -0.154297 
-0.156494 -0.021835 0.013031 -0.011681 -0.007359 -0.029510 -0.155396 
-0.145996 0.030121 0.072754 0.057068 0.066956 0.049347 -0.153076 

-0.180054 -0.195312 -0.168457 -0.165405 -0.164307 -0.206055 -0.215698 
0.037994 0.078857 0.095886 0.084839 0.092041 0.057373 0.036530 
0.013878 0.041046 0.050354 0.035004 0.036255 -0.006691 -0.022552 
0.009903 0.029037 0.022324 0.014145 0.004631 -0.025330 -0.023865 
0.005444 0.047943 0.038025 0.029617 0.029861 -0.005329 -0.012444 
-0.003704 0.042725 0.023987 -0.006008 -0.006382 -0.039185 -0.012634 
-0.311768 -0.348389 -0.342773 -0.365234 -0.347168 -0.380615 -0.262939 

-0.177734 -0.154785 -0.223755 -0.217773 -0.220337 -0.171387 -0.135254 
-0.198120 -0.154053 -0.223267 -0.230957 -0.227295 -0.157104 -0.114380 
-0.237671 -0.170898 -0.228271 -0.236084 -0.220459 -0.146240 -0.133179 
-0.248291 -0.184082 -0.245605 -0.260986 -0.229492 -0.159546 -0.133301 
-0.241333 -0.183838 -0.242920 -0.257812 -0.224976 -0.155151 -0.123779 
-0.204712 -0.162842 -0.214478 -0.226196 -0.200439 -0.133789 -0.097046 
-0.139526 -0.014160 -0.090271 -0.086731 -0.069946 -0.009514 -0.051575 

0.044067 -0.064026 -0.044189 -0.049927 -0.046539 -0.043610 0.091309 
0.101318 0.061432 0.066895 0.055908 0.057587 0.074158 0.093994 
0.101929 0.048615 0.045135 0.034851 0.037537 0.055206 0.102417 
0.097412 0.040619 0.030472 0.018829 0.022980 0.046967 0.101807 
0.096375 0.048523 0.033173 0.026413 0.033569 0.050781 0.101074 
0.100952 0.081421 0.078186 0.068359 0.075317 0.083862 0.107422 
0.177612 0.126465 0.130981 0.125366 0.136475 0.134644 0.159180 

0.146606 0.050964 0.095947 0.101257 0.108704 0.101562 0.102722 
0.074524 -0.012154 0.001850 -0.000978 0.001818 -0.018921 0.026840 
0.092529 -0.007256 0.005341 0.007904 -0.004665 -0.013405 0.060944 
0.089233 -0.015236 -0.011147 -0.006638 -0.013130 -0.018555 0.049530 
0.083496 -0.009888 -0.007759 0.001473 -0.001539 -0.009621 0.047150 
0.073242 -0.000755 0.009888 0.012650 0.003094 0.001619 0.034790 
0.244629 0.115601 0.149170 0.152588 0.150513 0.149292 0.181152 

0.141968 0.055023 0.026291 0.022705 0.029861 0.049988 0.091492 
0.210449 -0.064941 -0.071106 -0.080994 -0.062988 -0.023880 0.149536 
0.169678 -0.084595 -0.076416 -0.087463 -0.069336 -0.023468 0.142944 
0.176270 -0.082336 -0.068970 -0.082703 -0.055359 -0.015640 0.145508 
0.177612 -0.098389 -0.078369 -0.093689 -0.066284 -0.020432 0.151367 
0.187134 -0.112122 -0.113159 -0.133545 -0.110962 -0.068909 0.139526 
0.134155 -0.001717 -0.020447 -0.027649 -0.021362 -0.002747 0.078308 

0.087158 0.109558 0.105652 0.114136 0.103638 0.122192 0.067322 
-0.170898 -0.156128 -0.141479 -0.125610 -0.134644 -0.130981 -0.121399 
-0.244995 -0.228149 -0.225220 -0.214600 -0.206909 -0.213745 -0.191772 
-0.236938 -0.218140 -0.209351 -0.209961 -0.202759 -0.202759 -0.191162 
-0.229858 -0.219360 -0.208496 -0.209351 -0.205200 -0.202148 -0.191528 
-0.220825 -0.213989 -0.198608 -0.193115 -0.192383 -0.194580 -0.195435 
-0.168945 -0.165649 -0.176392 -0.167236 -0.171997 -0.168091 -0.152588 

-0.001797 0.067322 0.074280 0.079285 0.075867 0.071594 -0.054596 
0.100647 0.155396 0.171997 0.177124 0.174927 0.178955 0.001822 
0.069214 0.112549 0.143799 0.148071 0.145386 0.141724 -0.040497 
0.073059 0.118103 0.152954 0.164062 0.158203 0.145508 -0.043427 
0.076599 0.124939 0.154663 0.166626 0.158325 0.150024 -0.039398 
0.096680 0.132446 0.158691 0.172119 0.160034 0.154541 -0.032654 
-0.114380 -0.058350 -0.039856 -0.024643 -0.025711 -0.030518 -0.151733 

-0.050140 -0.043945 -0.067505 -0.061279 -0.056458 -0.054749 0.028778 
-0.059998 -0.080322 -0.111633 -0.098511 -0.101074 -0.096130 0.058868 
-0.090332 -0.122925 -0.137817 -0.133301 -0.133911 -0.123230 0.039307 
-0.093262 -0.126221 -0.143677 -0.142578 -0.131714 -0.131958 0.033661 
-0.089172 -0.124390 -0.132935 -0.140625 -0.127441 -0.125732 0.047607 
-0.097595 -0.131348 -0.137573 -0.147339 -0.138184 -0.132080 0.037598 
-0.173340 -0.187622 -0.204102 -0.202026 -0.195557 -0.187622 -0.078369 

0.046814 0.079224 0.067566 0.036743 0.063110 0.062866 0.184692 
-0.038055 -0.005646 -0.030212 -0.069214 -0.049866 -0.046448 0.126099 
-0.011581 0.011589 -0.013329 -0.045044 -0.027039 -0.016373 0.149292 
-0.022354 0.006432 -0.023758 -0.048096 -0.052673 -0.028397 0.135132 
-0.031769 0.009598 -0.031052 -0.053436 -0.044678 -0.027786 0.145630 
-0.048126 0.016968 -0.033386 -0.068115 -0.060730 -0.042877 0.134033 
-0.110718 -0.063965 -0.076050 -0.111084 -0.084595 -0.073975 -0.038666 

0.122620 -0.040833 -0.061829 -0.054565 -0.061523 -0.062805 0.116821 
0.163452 0.012596 0.006851 0.019608 0.008171 0.009346 0.143921 
0.190918 0.054565 0.052673 0.059448 0.056732 0.044128 0.179443 
0.185425 0.045471 0.043396 0.046356 0.042206 0.028763 0.183228 
0.186035 0.038361 0.037537 0.038971 0.035919 0.025635 0.175537 
0.175659 0.013733 0.005867 0.006618 0.006512 -0.003777 0.156128 
0.220459 0.045013 0.045746 0.047943 0.045227 0.034454 0.216187 

-0.086731 0.016541 0.026489 0.022781 0.024506 0.006889 -0.137329 
-0.142822 -0.184937 -0.147827 -0.156982 -0.158081 -0.190796 -0.231934 
-0.185303 -0.236206 -0.196655 -0.205078 -0.209595 -0.236694 -0.261719 
-0.177368 -0.213379 -0.185181 -0.185181 -0.200806 -0.229736 -0.261230 
-0.183350 -0.213989 -0.183105 -0.181274 -0.200684 -0.227295 -0.247925 
-0.198242 -0.223511 -0.203735 -0.207153 -0.217163 -0.243042 -0.259277 
-0.197998 -0.144653 -0.108521 -0.122131 -0.128296 -0.144287 -0.264648 

0.047791 0.024673 0.072266 0.062683 0.072876 0.089355 0.161133 
-0.141113 -0.113342 -0.110046 -0.123718 -0.110779 -0.094604 0.037109 
-0.178223 -0.154297 -0.144043 -0.160034 -0.142700 -0.141968 0.008575 
-0.169678 -0.156372 -0.141968 -0.152466 -0.146240 -0.126831 0.007713 
-0.167725 -0.159058 -0.136108 -0.150391 -0.144287 -0.123718 0.009193 
-0.124207 -0.109802 -0.081360 -0.099792 -0.092224 -0.090332 0.013901 
-0.043365 -0.009293 0.002594 -0.006859 0.005577 0.005177 0.077087 

-0.108887 -0.081787 -0.053284 -0.052917 -0.054840 -0.072205 -0.075562 
-0.058105 -0.005547 0.048584 0.045868 0.044037 0.005123 -0.072449 
-0.037994 0.004128 0.046387 0.040955 0.036346 0.007092 -0.039429 
-0.029892 0.006794 0.046875 0.054535 0.039185 0.016663 -0.045227 
-0.023071 0.020386 0.058075 0.066040 0.040527 0.021698 -0.040283 
0.000185 0.056030 0.099182 0.106934 0.084473 0.059570 -0.038391 
0.128174 0.140747 0.142212 0.141846 0.127686 0.111816 0.061462 

0.165405 0.151855 0.115967 0.110718 0.119568 0.109131 0.107544 
-0.072937 -0.164307 -0.172607 -0.183594 -0.182007 -0.186523 -0.181763 
-0.109863 -0.194092 -0.200439 -0.203369 -0.207642 -0.212158 -0.221802 
-0.125732 -0.191528 -0.206421 -0.195068 -0.206421 -0.213745 -0.219482 
-0.128784 -0.179810 -0.212769 -0.195679 -0.204956 -0.211670 -0.209595 
-0.188110 -0.220703 -0.266357 -0.248413 -0.250244 -0.257324 -0.234375 
-0.003731 0.013420 -0.018616 -0.013702 -0.007446 0.002304 -0.054138 

-0.204346 -0.200684 -0.203491 -0.210571 -0.210938 -0.218750 -0.157227 
-0.200195 -0.167236 -0.178345 -0.181152 -0.179810 -0.198853 -0.181519 
-0.132935 -0.110229 -0.107483 -0.108765 -0.116882 -0.141602 -0.138672 
-0.138916 -0.108459 -0.115662 -0.124146 -0.130127 -0.152954 -0.137573 
-0.156860 -0.120911 -0.131714 -0.133545 -0.130859 -0.160522 -0.143799 
-0.186890 -0.150391 -0.165894 -0.165649 -0.159180 -0.189209 -0.156006 
-0.082275 -0.017944 -0.020752 -0.022247 -0.009804 -0.031433 -0.056030 

0.098511 -0.050079 -0.028778 -0.031052 -0.028137 -0.040009 0.083252 
0.207397 0.055267 0.094482 0.095947 0.094482 0.088623 0.234131 
0.247681 0.101624 0.148315 0.152710 0.144165 0.138306 0.260498 
0.240112 0.089355 0.143799 0.143677 0.141235 0.142578 0.264893 
0.236694 0.081116 0.129272 0.133057 0.136353 0.134521 0.254883 
0.199829 0.019287 0.052948 0.062744 0.062317 0.063660 0.199585 
0.230469 0.088623 0.102783 0.111938 0.104858 0.102783 0.231323 

0.031403 0.010948 0.054962 0.043396 0.048279 0.034210 -0.023285 
0.136597 0.148682 0.185547 0.178955 0.181152 0.161011 0.037384 
0.148193 0.170898 0.191040 0.192139 0.201172 0.192627 0.100281 
0.151611 0.171631 0.189941 0.195068 0.194336 0.182617 0.080444 
0.157349 0.176147 0.190796 0.194214 0.185913 0.183960 0.076355 
0.162964 0.192749 0.199707 0.201904 0.197632 0.191162 0.082581 
0.065308 0.026749 0.047791 0.042725 0.042572 0.039001 0.014755 

-0.101929 0.023697 0.069824 0.079529 0.056030 0.092712 0.032959 
-0.287354 -0.166870 -0.149902 -0.130859 -0.162231 -0.124634 -0.150757 
-0.311523 -0.191162 -0.161133 -0.142578 -0.165894 -0.131470 -0.169434 
-0.308594 -0.164795 -0.133179 -0.126343 -0.141724 -0.125488 -0.159912 
-0.311035 -0.175171 -0.148438 -0.144409 -0.146851 -0.145508 -0.178223 
-0.309082 -0.201660 -0.177490 -0.168457 -0.171143 -0.154541 -0.194946 
-0.209473 -0.113586 -0.106384 -0.106750 -0.117188 -0.090454 -0.111023 

0.260254 0.174805 0.197510 0.178589 0.188477 0.188110 0.063782 
0.010750 -0.081665 -0.046295 -0.050903 -0.050110 -0.063354 -0.115784 
-0.032562 -0.119629 -0.074951 -0.076965 -0.070557 -0.104553 -0.185913 
-0.037323 -0.119263 -0.073853 -0.070557 -0.074768 -0.087646 -0.166504 
-0.040070 -0.126221 -0.074524 -0.063721 -0.069580 -0.080627 -0.165894 
-0.025360 -0.129517 -0.082703 -0.065308 -0.067017 -0.080566 -0.156128 
0.190308 0.291504 0.311035 0.317383 0.321289 0.306152 -0.001190 

-0.260010 -0.282959 -0.281250 -0.278809 -0.276123 -0.293213 -0.248779 
-0.080811 -0.158325 -0.154541 -0.151978 -0.154541 -0.181763 -0.117126 
-0.077393 -0.159058 -0.161499 -0.158081 -0.168579 -0.184326 -0.092102 
-0.061035 -0.135254 -0.142212 -0.128906 -0.143799 -0.165283 -0.085693 
-0.058380 -0.138428 -0.150146 -0.135254 -0.155884 -0.171753 -0.087036 
-0.021835 -0.105530 -0.105103 -0.091125 -0.105713 -0.115540 -0.066162 
0.071472 0.060059 0.037781 0.038666 0.032104 0.021042 0.009888 

-0.034088 -0.097900 -0.090393 -0.081665 -0.086853 -0.093079 0.007160 
0.043121 0.088928 0.078857 0.080139 0.085510 0.073792 0.105652 
0.065247 0.092102 0.087830 0.088196 0.083740 0.076904 0.101318 
0.055481 0.097351 0.082153 0.088623 0.079956 0.072021 0.089355 
0.061615 0.108704 0.080200 0.090881 0.085510 0.075867 0.095642 
0.072388 0.112244 0.089539 0.085693 0.077515 0.076416 0.112976 
-0.064697 -0.103149 -0.098816 -0.098267 -0.097351 -0.096313 0.009064 

0.003185 -0.000450 -0.004234 -0.003536 -0.004856 -0.007187 -0.025513 
0.089539 0.102051 0.102051 0.099243 0.100403 0.097717 0.041565 
0.072571 0.065247 0.055298 0.058350 0.057495 0.061768 0.023376 
0.076538 0.068054 0.059479 0.068420 0.067505 0.067749 0.032684 
0.070984 0.061066 0.045807 0.056396 0.057312 0.056915 0.023346 
0.061432 0.064636 0.041351 0.056976 0.053345 0.049530 0.021576 
-0.019943 -0.073547 -0.090271 -0.080078 -0.080872 -0.088196 -0.027252 

-0.092224 -0.074951 -0.057007 -0.057709 -0.055145 -0.062500 -0.110596 
-0.020309 0.000088 0.017853 0.011505 0.016296 -0.003960 -0.037079 
-0.042389 -0.029419 -0.014542 -0.021729 -0.021515 -0.043884 -0.054108 
-0.042664 -0.032379 -0.014893 -0.016815 -0.024857 -0.044800 -0.059631 
-0.034271 -0.022095 -0.004524 -0.006676 -0.018356 -0.039490 -0.055481 
-0.009598 0.003664 0.030807 0.023590 0.016769 -0.011818 -0.037567 
-0.149658 -0.131348 -0.102234 -0.111572 -0.112976 -0.136597 -0.162720 

0.170288 0.231079 0.248779 0.240601 0.247070 0.244995 0.131714 
0.120667 0.159180 0.145142 0.142822 0.137451 0.140381 0.080139 
0.104126 0.146973 0.134644 0.134888 0.133789 0.131958 0.079590 
0.104980 0.151367 0.130737 0.133789 0.127930 0.128662 0.067139 
0.097290 0.155640 0.137695 0.135254 0.130127 0.137817 0.071167 
0.080017 0.147705 0.128052 0.127075 0.127930 0.129639 0.053436 
-0.100220 -0.043396 -0.054108 -0.046875 -0.050354 -0.043701 -0.128174 

0.176758 0.066528 0.078796 0.094055 0.089355 0.084900 0.208740 
0.055298 -0.065918 -0.065613 -0.057831 -0.055450 -0.039581 0.106689 
0.024948 -0.101990 -0.095947 -0.082764 -0.082825 -0.061920 0.083496 
0.024536 -0.104492 -0.089600 -0.083679 -0.066406 -0.067200 0.075806 
0.032715 -0.102722 -0.080688 -0.083252 -0.065002 -0.061218 0.084167 
0.045471 -0.094360 -0.058380 -0.056946 -0.043732 -0.039215 0.089355 
0.015182 -0.187866 -0.193848 -0.183960 -0.183716 -0.173584 0.040222 

0.147217 0.167725 0.202026 0.198975 0.206665 0.189819 0.163330 
0.069702 0.145142 0.196655 0.181030 0.187744 0.157471 0.117493 
0.074829 0.134155 0.195312 0.178711 0.182739 0.161255 0.109497 
0.071716 0.127930 0.193970 0.179688 0.170898 0.160278 0.104614 
0.074219 0.141846 0.205566 0.192993 0.183350 0.170166 0.117981 
0.067383 0.164307 0.215454 0.204346 0.196777 0.178101 0.116150 
0.068665 0.099976 0.149292 0.149414 0.146118 0.130737 0.079956 

0.193359 0.105957 0.151611 0.141235 0.151855 0.108826 0.127075 
0.223145 0.184937 0.196777 0.215820 0.199829 0.139648 0.184692 
0.274170 0.213013 0.225464 0.261475 0.234863 0.179565 0.228882 
0.274902 0.226929 0.229858 0.253662 0.221558 0.164307 0.223022 
0.246094 0.218506 0.210938 0.237427 0.219971 0.152466 0.202515 
0.194458 0.181274 0.152100 0.176636 0.154053 0.098877 0.173218 
0.198853 0.211426 0.210205 0.228027 0.210938 0.180664 0.215454 

-0.210815 -0.061127 -0.052643 -0.067139 -0.064636 -0.052917 -0.293701 
-0.034485 0.176147 0.169556 0.172974 0.166016 0.189819 -0.125122 
-0.012085 0.194092 0.211060 0.221069 0.218872 0.226807 -0.117798 
-0.021072 0.185669 0.201904 0.204224 0.204590 0.229370 -0.113525 
-0.026398 0.187622 0.202393 0.209106 0.219604 0.237549 -0.114868 
-0.038635 0.179565 0.179688 0.187866 0.199707 0.225098 -0.116150 
-0.115479 0.085815 0.103394 0.119385 0.124146 0.130859 -0.158447 

-0.075073 -0.041565 -0.016357 -0.022461 -0.015991 -0.011543 -0.072754 
0.139404 0.226562 0.226196 0.221802 0.216675 0.242798 0.133789 
0.125854 0.173828 0.168579 0.163696 0.160400 0.177979 0.105103 
0.132324 0.175293 0.157715 0.159424 0.162964 0.172485 0.107117 
0.129517 0.182617 0.165771 0.166504 0.168213 0.183228 0.105713 
0.162598 0.205444 0.202637 0.198608 0.202759 0.216187 0.139160 
0.053711 0.050293 0.035095 0.039307 0.047638 0.051361 0.019196 

-0.136841 -0.016556 -0.017944 -0.039368 -0.034241 -0.026581 -0.010963 
-0.221436 -0.070251 -0.097290 -0.109619 -0.102112 -0.092163 -0.013168 
-0.225586 -0.100952 -0.102112 -0.125732 -0.108887 -0.109741 -0.033447 
-0.228149 -0.124756 -0.108582 -0.139160 -0.127075 -0.125488 -0.051941 
-0.208252 -0.103088 -0.072876 -0.117615 -0.102173 -0.100403 -0.030121 
-0.163574 -0.084229 -0.048828 -0.100342 -0.075439 -0.076782 0.001591 
-0.283203 -0.233765 -0.237549 -0.262207 -0.236694 -0.250488 -0.164673 

0.208618 -0.006981 -0.037292 -0.014397 -0.017456 -0.031158 0.143188 
0.163208 -0.117310 -0.127808 -0.122620 -0.123840 -0.149902 0.088501 
0.191650 -0.102539 -0.109680 -0.102722 -0.107544 -0.107910 0.129395 
0.208374 -0.096985 -0.102844 -0.094788 -0.098755 -0.098145 0.126099 
0.197388 -0.101990 -0.109314 -0.094849 -0.110962 -0.099915 0.115845 
0.191040 -0.091431 -0.123535 -0.097534 -0.112610 -0.103638 0.118408 
0.517090 0.247437 0.229370 0.249512 0.240845 0.241089 0.381836 

-0.161011 -0.031204 -0.014130 0.022278 -0.009674 -0.036011 -0.133179 
-0.101074 0.152710 0.151123 0.203979 0.158691 0.108826 -0.061279 
-0.086060 0.141602 0.165161 0.205444 0.148560 0.106750 -0.067322 
-0.092285 0.127686 0.145996 0.187378 0.134644 0.089783 -0.059845 
-0.099304 0.151489 0.153198 0.212036 0.158081 0.099548 -0.076172 
-0.147583 0.112610 0.083618 0.152710 0.107178 0.053314 -0.116882 
-0.085999 0.136841 0.154663 0.207886 0.172241 0.143677 -0.014847 

-0.269043 -0.197876 -0.227295 -0.209961 -0.222900 -0.230835 -0.187500 
-0.226562 -0.154541 -0.153931 -0.139526 -0.154663 -0.157837 -0.135010 
-0.246826 -0.194946 -0.201660 -0.185425 -0.203125 -0.193115 -0.161987 
-0.242798 -0.207397 -0.221802 -0.213135 -0.218994 -0.218262 -0.171875 
-0.229126 -0.191650 -0.195068 -0.184326 -0.190918 -0.199707 -0.165161 
-0.233154 -0.203369 -0.207642 -0.198120 -0.207886 -0.205444 -0.168701 
-0.259766 -0.192505 -0.204346 -0.188232 -0.195679 -0.186646 -0.179565 

-0.146729 -0.100403 -0.110474 -0.123047 -0.115417 -0.089722 -0.116333 
-0.223389 -0.202759 -0.197998 -0.208984 -0.195068 -0.159668 -0.186768 
-0.199097 -0.143921 -0.147461 -0.150269 -0.135010 -0.095703 -0.148193 
-0.191650 -0.154053 -0.145752 -0.149658 -0.124634 -0.087830 -0.153687 
-0.182617 -0.158447 -0.136719 -0.150269 -0.128662 -0.082581 -0.145142 
-0.159668 -0.143433 -0.119080 -0.139404 -0.112061 -0.062500 -0.127319 
-0.261230 -0.306641 -0.309326 -0.314209 -0.305908 -0.277100 -0.201660 

-0.035706 0.082275 0.060791 0.075928 0.068726 0.081299 0.027893 
-0.027679 0.187500 0.155273 0.176270 0.176514 0.195190 0.060242 
-0.001493 0.225342 0.206665 0.221069 0.221191 0.234253 0.082520 
-0.009361 0.200806 0.183960 0.189575 0.206909 0.212891 0.074524 
-0.000147 0.200928 0.196899 0.197876 0.216431 0.221191 0.085144 
0.000558 0.212280 0.205444 0.197876 0.205200 0.216919 0.077515 
-0.156006 -0.042114 -0.057556 -0.058350 -0.054871 -0.042969 -0.056183 

-0.124329 -0.074768 -0.125488 -0.097229 -0.112244 -0.133911 -0.050781 
-0.065796 -0.156982 -0.161621 -0.153564 -0.161865 -0.210327 0.009331 
-0.131958 -0.230591 -0.233521 -0.236816 -0.241699 -0.265381 -0.044006 
-0.117920 -0.219727 -0.232422 -0.230835 -0.235840 -0.271484 -0.057465 
-0.117737 -0.204590 -0.223999 -0.215454 -0.232178 -0.257568 -0.048462 
-0.099121 -0.177246 -0.193726 -0.175537 -0.202026 -0.230225 -0.018295 
-0.220947 -0.334473 -0.351074 -0.354004 -0.366211 -0.372314 -0.170410 

0.008987 0.094421 0.058624 0.065857 0.068848 0.057281 -0.023453 
-0.011238 0.035828 0.013016 0.018616 0.017593 0.003212 -0.081665 
-0.033844 0.008514 -0.021667 -0.007641 -0.021393 -0.041077 -0.095703 
-0.028610 -0.004681 -0.035126 -0.021790 -0.030487 -0.052124 -0.106445 
-0.018387 0.003471 -0.017700 -0.010612 -0.021149 -0.049255 -0.103760 
0.023682 0.055023 0.036621 0.036407 0.027863 0.009308 -0.081360 
0.061859 0.118103 0.101624 0.105469 0.098450 0.073486 0.013451 

-0.263184 -0.266113 -0.252686 -0.252686 -0.258789 -0.243042 -0.221802 
-0.121582 -0.078796 -0.057648 -0.064453 -0.062012 -0.042877 -0.113953 
-0.072449 -0.043457 -0.025085 -0.033813 -0.038452 -0.026871 -0.067749 
-0.061707 -0.033691 -0.007500 -0.018524 -0.016678 -0.007935 -0.045807 
-0.065796 -0.051453 -0.023819 -0.032776 -0.028305 -0.024170 -0.061340 
-0.032257 -0.046173 -0.002222 -0.008156 0.002241 0.012413 -0.046600 
-0.206055 -0.212402 -0.193115 -0.189697 -0.188477 -0.200684 -0.171875 

0.134521 -0.009995 -0.007629 -0.013878 -0.021149 -0.004417 0.110291 
0.105957 -0.116943 -0.109131 -0.108215 -0.120850 -0.099121 -0.020737 
0.067078 -0.160278 -0.160645 -0.154419 -0.152588 -0.142334 -0.047150 
0.080200 -0.130615 -0.115540 -0.106262 -0.105835 -0.097534 -0.022125 
0.073853 -0.152588 -0.139404 -0.125366 -0.135620 -0.121399 -0.038605 
0.062439 -0.185059 -0.188477 -0.168823 -0.173584 -0.161621 -0.073608 
0.161377 -0.052673 -0.075195 -0.074890 -0.079468 -0.076477 0.037079 

0.184937 0.184937 0.158203 0.175415 0.156494 0.174072 0.177246 
0.049591 -0.042389 -0.072144 -0.052979 -0.077393 -0.060089 0.034851 
0.030533 -0.107666 -0.133545 -0.107788 -0.135986 -0.110229 0.028214 
0.032196 -0.096375 -0.122864 -0.095764 -0.116638 -0.110901 0.046112 
0.023315 -0.072571 -0.137085 -0.090698 -0.118530 -0.113892 0.036896 
-0.022736 -0.067993 -0.139404 -0.081177 -0.105042 -0.112183 0.019333 
-0.001617 -0.011612 -0.030411 0.002670 -0.024185 -0.011246 0.087097 

-0.282227 -0.336670 -0.305664 -0.312988 -0.310059 -0.357178 -0.264648 
0.002972 -0.173096 -0.127930 -0.144287 -0.151245 -0.184814 0.019043 
0.040588 -0.113220 -0.084717 -0.099487 -0.111328 -0.122498 0.084717 
0.039886 -0.090271 -0.070251 -0.077209 -0.094666 -0.106873 0.088989 
0.039581 -0.092834 -0.077881 -0.088257 -0.104248 -0.116272 0.078613 
0.012146 -0.133545 -0.122070 -0.117859 -0.127319 -0.135742 0.067810 
-0.225708 -0.305176 -0.289795 -0.289307 -0.298828 -0.308594 -0.167725 

0.315430 0.296875 0.340088 0.326904 0.334717 0.322510 0.344238 
0.097534 0.170776 0.208374 0.197632 0.197266 0.165894 0.136353 
0.132568 0.190918 0.233643 0.218628 0.211670 0.174072 0.127441 
0.133667 0.198975 0.249268 0.239990 0.215454 0.198364 0.152222 
0.118042 0.186157 0.217529 0.222656 0.200439 0.183228 0.140381 
0.084961 0.169800 0.188965 0.203247 0.192139 0.156372 0.122437 
0.171387 0.181152 0.181030 0.182007 0.172485 0.144775 0.227661 

0.171143 0.042450 0.034607 0.034119 0.041656 0.051819 0.133179 
0.185181 0.093994 0.070251 0.069519 0.073120 0.082825 0.129883 
0.241943 0.152222 0.131104 0.135620 0.136841 0.159790 0.186768 
0.246338 0.154541 0.138794 0.138550 0.136719 0.160034 0.180908 
0.241577 0.158325 0.145386 0.140137 0.143188 0.166138 0.180664 
0.245117 0.182129 0.159546 0.153931 0.157471 0.175171 0.186890 
0.341553 0.231079 0.215332 0.215454 0.216187 0.221313 0.269531 

-0.126831 -0.067932 -0.097961 -0.092529 -0.095947 -0.059174 -0.117859 
-0.170654 -0.066772 -0.110291 -0.094299 -0.089966 -0.030594 -0.160034 
-0.215210 -0.104004 -0.151978 -0.148071 -0.136841 -0.100159 -0.209717 
-0.229004 -0.130005 -0.176270 -0.182495 -0.142334 -0.113098 -0.205444 
-0.218140 -0.135620 -0.159790 -0.177612 -0.131104 -0.107788 -0.199341 
-0.165527 -0.132324 -0.143188 -0.173218 -0.138550 -0.110840 -0.187988 
-0.213989 -0.209351 -0.234741 -0.244873 -0.220337 -0.190063 -0.209717 

-0.174683 -0.347412 -0.396484 -0.390625 -0.406006 -0.395996 -0.134521 
-0.183838 -0.337402 -0.380127 -0.362549 -0.383301 -0.362305 -0.098694 
-0.194336 -0.348145 -0.401611 -0.386475 -0.405762 -0.404785 -0.140625 
-0.212402 -0.364502 -0.424561 -0.412598 -0.415771 -0.412354 -0.130493 
-0.207031 -0.355957 -0.411377 -0.404785 -0.403564 -0.412598 -0.141113 
-0.183838 -0.367676 -0.422119 -0.420654 -0.418701 -0.412354 -0.127808 
-0.042480 -0.207520 -0.238770 -0.241699 -0.239746 -0.229248 -0.061096 

-0.047211 -0.028915 0.011047 -0.000099 0.005100 -0.006577 -0.071289 
0.039764 0.088684 0.104614 0.093933 0.095642 0.085693 -0.008369 
0.049927 0.089783 0.104370 0.093506 0.093994 0.081238 0.001204 
0.051758 0.103271 0.115051 0.105347 0.098083 0.092102 0.010277 
0.048035 0.101929 0.112061 0.105347 0.102295 0.085449 0.006584 
0.038513 0.111755 0.117859 0.106445 0.104858 0.091309 -0.010429 
0.022858 0.135742 0.149170 0.133667 0.130127 0.126465 -0.019989 

0.193604 0.290771 0.338135 0.323242 0.331787 0.359131 0.213867 
0.058472 0.082825 0.115540 0.098511 0.107910 0.122314 0.116882 
0.052582 0.065491 0.095703 0.076843 0.091736 0.107300 0.131104 
0.054504 0.066162 0.109802 0.089600 0.102600 0.116333 0.138550 
0.066162 0.066528 0.103333 0.080750 0.091125 0.114380 0.146851 
0.045288 0.078552 0.111572 0.085083 0.101196 0.109070 0.114685 
0.091064 0.191406 0.202148 0.180298 0.192627 0.196411 0.058502 

-0.023270 0.020813 0.016724 0.014877 -0.010773 0.040283 0.117249 
0.177734 0.207764 0.182007 0.209229 0.198608 0.268311 0.249512 
0.230591 0.287842 0.273193 0.297607 0.306396 0.354004 0.305664 
0.229736 0.292725 0.305908 0.320801 0.344971 0.367432 0.329834 
0.224976 0.262451 0.280029 0.283936 0.316406 0.347168 0.303711 
0.209106 0.183960 0.196289 0.217285 0.250732 0.288086 0.268066 
0.201904 0.181152 0.220581 0.234863 0.231079 0.252197 0.277832 

-0.002512 -0.020477 0.005417 -0.003658 -0.002468 0.002260 -0.027252 
0.142334 0.071533 0.085815 0.085632 0.087830 0.065918 0.083984 
0.165283 0.098267 0.100708 0.103271 0.102783 0.090515 0.126343 
0.184814 0.110901 0.117798 0.122559 0.123535 0.097351 0.125610 
0.182617 0.104614 0.115723 0.120361 0.110962 0.093201 0.120300 
0.172363 0.097839 0.107727 0.116150 0.106201 0.092285 0.114685 
0.185181 0.145264 0.142944 0.145142 0.133545 0.124207 0.113037 

0.129883 0.109131 0.123718 0.126099 0.123535 0.096741 0.131592 
0.122864 0.013916 0.062073 0.054810 0.050903 -0.004444 0.113220 
0.099121 -0.039734 -0.000136 -0.002449 -0.013931 -0.055756 0.102051 
0.121399 -0.019394 0.019409 0.020493 -0.003578 -0.044128 0.103210 
0.115784 -0.006760 0.016907 0.030869 -0.007324 -0.040283 0.105713 
0.096619 -0.007309 0.000946 0.017700 -0.010117 -0.050903 0.096069 
0.114441 0.026642 0.059174 0.065491 0.051941 0.021729 0.118530 

-0.085144 -0.002066 -0.036163 -0.022995 -0.040527 -0.014275 -0.067932 
-0.130615 -0.088806 -0.077148 -0.063110 -0.068726 -0.047394 -0.067505 
-0.118896 -0.063354 -0.046478 -0.042786 -0.037628 -0.026566 -0.067749 
-0.134888 -0.095093 -0.070801 -0.087463 -0.062042 -0.053162 -0.071899 
-0.118958 -0.087769 -0.059967 -0.074646 -0.042480 -0.045074 -0.071045 
-0.110779 -0.110107 -0.071228 -0.073669 -0.048676 -0.061462 -0.072876 
-0.146118 -0.122131 -0.120789 -0.110291 -0.102966 -0.095886 -0.105469 

0.098877 0.163818 0.189209 0.148804 0.170776 0.165894 0.052277 
0.118652 0.172119 0.201538 0.176147 0.197144 0.199219 0.093262 
0.141724 0.189575 0.190552 0.175537 0.195435 0.196533 0.111450 
0.130371 0.175049 0.172607 0.173462 0.180786 0.193848 0.110291 
0.142944 0.195557 0.197510 0.192261 0.197388 0.219360 0.127808 
0.138794 0.189941 0.195557 0.172363 0.185791 0.208862 0.125488 
0.000265 -0.009193 -0.015282 -0.028320 -0.013657 -0.012718 -0.037964 

0.102112 -0.074280 -0.015640 -0.003395 -0.003025 -0.058258 0.183228 
0.339844 0.085693 0.127319 0.124634 0.115906 0.064758 0.382812 
0.343262 0.068726 0.131592 0.123474 0.098389 0.064575 0.387451 
0.348877 0.061432 0.106140 0.103882 0.068420 0.046112 0.364014 
0.327637 0.086060 0.107422 0.121399 0.087585 0.050049 0.361572 
0.289062 0.057800 0.049896 0.056061 0.018661 -0.023300 0.306396 
0.190308 0.068542 0.073303 0.084167 0.071472 0.030365 0.240479 

0.030975 0.199097 0.178101 0.217041 0.217041 0.185547 0.123657 
-0.080933 0.132446 0.110901 0.127930 0.133423 0.094116 0.108215 
-0.114197 0.120483 0.113892 0.120728 0.121399 0.090759 0.096313 
-0.111450 0.121033 0.109070 0.119202 0.128784 0.086670 0.086365 
-0.111938 0.120361 0.119385 0.124146 0.132080 0.098755 0.096985 
-0.095520 0.149536 0.151489 0.135986 0.136841 0.113220 0.078308 
0.095642 0.292480 0.291016 0.283691 0.282471 0.261963 0.243530 

-0.041229 -0.096313 -0.103516 -0.079590 -0.089050 -0.066406 -0.000978 
0.044647 0.036560 0.015564 0.019836 0.038239 0.081543 0.106445 
0.043732 0.040222 0.037170 0.031311 0.054718 0.096741 0.114441 
0.030304 0.007416 0.017410 -0.005455 0.039490 0.076477 0.111572 
0.042236 -0.000332 0.031769 -0.000346 0.051544 0.084839 0.117371 
0.075867 0.017944 0.043701 0.004074 0.045990 0.084045 0.121460 
-0.070679 -0.123779 -0.092407 -0.108704 -0.091553 -0.064880 -0.043243 

0.133179 0.041595 0.064087 0.047028 0.056854 0.067810 0.195190 
0.230835 0.124573 0.110352 0.094788 0.109070 0.144165 0.309570 
0.226929 0.111633 0.102234 0.093445 0.100708 0.136108 0.286621 
0.215088 0.101013 0.086304 0.070557 0.095581 0.122681 0.285400 
0.218628 0.105652 0.107300 0.069092 0.106506 0.133667 0.298828 
0.216431 0.099609 0.117981 0.081543 0.119263 0.144165 0.303223 
0.171387 0.079346 0.061707 0.037781 0.055450 0.079346 0.204956 

0.120605 0.163818 0.196289 0.215088 0.221313 0.161133 0.387939 
0.361816 0.398193 0.407227 0.396484 0.414062 0.356201 0.571289 
0.367920 0.422607 0.428223 0.415283 0.415039 0.375000 0.599609 
0.381104 0.427734 0.421875 0.418213 0.418945 0.377441 0.595703 
0.366943 0.427490 0.434326 0.429443 0.430176 0.385986 0.597168 
0.377197 0.437012 0.443604 0.418213 0.418945 0.380371 0.589844 
0.247925 0.140991 0.143433 0.124451 0.136108 0.108643 0.452393 

0.093933 0.080627 0.050690 0.067078 0.054718 0.057617 0.114624 
-0.061371 -0.042358 -0.083008 -0.080811 -0.079590 -0.074890 -0.034546 
-0.073975 -0.074341 -0.123840 -0.129150 -0.115356 -0.118713 -0.068604 
-0.077209 -0.078247 -0.130249 -0.126831 -0.113708 -0.117065 -0.058868 
-0.066040 -0.057617 -0.118652 -0.110535 -0.106812 -0.106079 -0.053406 
-0.061523 -0.044434 -0.101318 -0.089844 -0.082214 -0.080627 -0.036194 
-0.008522 -0.049652 -0.087097 -0.077576 -0.057678 -0.057709 0.000988 

-0.260254 -0.206665 -0.223267 -0.215942 -0.213379 -0.188965 -0.087036 
-0.109680 -0.101929 -0.124512 -0.109680 -0.100708 -0.036041 0.035278 
-0.082092 -0.067261 -0.073914 -0.071045 -0.059540 -0.010590 0.037811 
-0.095764 -0.092651 -0.103333 -0.118530 -0.081604 -0.046906 0.015350 
-0.079346 -0.071655 -0.064575 -0.088501 -0.049133 -0.017609 0.034821 
-0.038971 -0.057037 -0.036224 -0.070068 -0.040833 0.001358 0.057861 
-0.168213 -0.243164 -0.236084 -0.243896 -0.227539 -0.206055 -0.149292 

-0.112366 0.230713 0.211182 0.198120 0.202271 0.201782 -0.139771 
-0.019409 0.189087 0.177368 0.172607 0.177368 0.188599 -0.105164 
0.002554 0.235229 0.224854 0.221680 0.230225 0.230713 -0.077148 
-0.003016 0.217896 0.206177 0.201172 0.212524 0.207275 -0.077271 
-0.007202 0.213013 0.202026 0.198853 0.203857 0.206909 -0.073242 
-0.010757 0.212158 0.225342 0.211914 0.224121 0.227051 -0.059601 
-0.274902 0.022675 0.046173 0.024582 0.045898 0.050293 -0.244629 

-0.024033 -0.298096 -0.208740 -0.207642 -0.204956 -0.232788 -0.015106 
0.035767 -0.184570 -0.113220 -0.109985 -0.124695 -0.141724 -0.008499 
0.041473 -0.209473 -0.126953 -0.120728 -0.148804 -0.158203 0.004871 
0.041595 -0.185059 -0.098083 -0.081421 -0.106812 -0.130249 0.023254 
0.031921 -0.185547 -0.121155 -0.098877 -0.123047 -0.150757 0.002760 
0.013832 -0.191284 -0.136108 -0.101868 -0.134399 -0.158813 0.001196 
-0.007301 -0.292725 -0.229492 -0.214844 -0.239136 -0.253174 -0.060791 

0.084534 0.053741 0.095581 0.071289 0.083740 0.050262 0.051910 
0.096497 0.049042 0.113037 0.074890 0.092834 0.031464 0.006783 
0.147095 0.142700 0.199097 0.172485 0.189209 0.147705 0.074585 
0.162109 0.173584 0.224854 0.217285 0.196411 0.182495 0.088989 
0.156982 0.174561 0.202148 0.206909 0.166748 0.168091 0.084106 
0.145264 0.156738 0.183105 0.191162 0.170166 0.158936 0.077820 
0.201660 0.237793 0.251953 0.235718 0.239746 0.209595 0.101868 

-0.232300 -0.155762 -0.198853 -0.197998 -0.202515 -0.183838 -0.264648 
-0.340332 -0.288086 -0.313232 -0.303955 -0.318359 -0.284912 -0.435303 
-0.367188 -0.314941 -0.339111 -0.324463 -0.327881 -0.308350 -0.469971 
-0.369629 -0.320312 -0.337402 -0.320557 -0.323486 -0.300049 -0.454834 
-0.372314 -0.334229 -0.354248 -0.340576 -0.332520 -0.310791 -0.449951 
-0.388428 -0.333252 -0.358154 -0.345703 -0.338867 -0.310547 -0.476807 
-0.141357 -0.032806 -0.069763 -0.074768 -0.066406 -0.063232 -0.204956 

-0.028717 0.045074 0.049255 0.048584 0.041260 0.048462 -0.010452 
0.054565 0.114197 0.131592 0.142334 0.132202 0.138184 0.055206 
0.064331 0.146851 0.157227 0.167603 0.164551 0.168579 0.062256 
0.065674 0.148804 0.161377 0.168213 0.165039 0.168091 0.069092 
0.069214 0.147217 0.162598 0.171021 0.166748 0.165894 0.062164 
0.067627 0.141479 0.152588 0.161377 0.158813 0.157715 0.061218 
0.051056 0.186523 0.185303 0.191528 0.186035 0.188354 0.054688 

-0.064575 -0.063232 -0.088440 -0.083679 -0.083496 -0.038757 -0.081787 
-0.021561 0.065674 0.029419 0.034515 0.040314 0.104065 -0.075684 
0.015808 0.092834 0.080688 0.079285 0.088013 0.155151 -0.033173 
0.014885 0.072998 0.068298 0.062439 0.092346 0.146240 -0.043945 
0.030396 0.076355 0.081238 0.065369 0.099670 0.149780 -0.040924 
0.078918 0.123169 0.147339 0.135376 0.161499 0.212891 -0.008850 
0.097839 0.081543 0.086060 0.073730 0.090759 0.121948 0.029556 

0.156738 0.072510 0.063843 0.077271 0.075562 0.080505 0.137329 
0.170044 0.059113 0.041290 0.059723 0.052551 0.064880 0.140015 
0.164185 0.047485 0.026108 0.045654 0.037567 0.047150 0.137695 
0.163452 0.044556 0.022964 0.037811 0.043518 0.037689 0.138672 
0.166992 0.054260 0.028061 0.041931 0.051208 0.044525 0.139893 
0.173218 0.068298 0.051331 0.064148 0.064636 0.063843 0.149292 
0.182007 0.033051 0.013702 0.028442 0.026245 0.029984 0.161011 

-0.010384 -0.005066 -0.010590 -0.001389 -0.009880 -0.000896 -0.098083 
-0.129639 -0.148315 -0.147949 -0.135376 -0.143921 -0.110962 -0.231079 
-0.120850 -0.128662 -0.132568 -0.121277 -0.131836 -0.117493 -0.234497 
-0.135010 -0.135376 -0.138794 -0.135620 -0.129883 -0.114441 -0.216675 
-0.132935 -0.138184 -0.138428 -0.136963 -0.121643 -0.120117 -0.219727 
-0.113403 -0.148926 -0.143311 -0.133301 -0.120789 -0.106934 -0.212891 
-0.180298 -0.192871 -0.185425 -0.178833 -0.169922 -0.155762 -0.209106 

0.261963 0.225342 0.274170 0.275879 0.284912 0.280762 0.113098 
0.123596 0.001242 0.020554 0.023178 0.015251 -0.005249 -0.075745 
0.129883 -0.011162 0.004646 0.009544 -0.012062 -0.013115 -0.061859 
0.153076 0.014343 0.037506 0.051270 0.033997 0.011681 -0.059540 
0.143433 0.015884 0.027649 0.039886 0.024704 -0.001342 -0.057678 
0.136841 0.016235 0.019608 0.030075 0.018723 -0.000832 -0.056641 
0.325439 0.294922 0.344238 0.333252 0.325684 0.321777 0.128174 

0.081116 -0.062744 -0.099121 -0.096985 -0.093567 -0.116272 0.024261 
0.115051 0.077881 0.036530 0.050049 0.038513 0.013565 0.121704 
0.135132 0.080261 0.044250 0.052216 0.039307 0.016846 0.109314 
0.108826 0.050964 -0.003244 0.000491 -0.014160 -0.020081 0.093323 
0.102356 0.060699 -0.001319 0.014145 0.004021 -0.007713 0.095093 
0.082520 0.040405 -0.027145 -0.011673 -0.030090 -0.045319 0.093750 
0.050232 -0.086121 -0.118774 -0.100891 -0.105164 -0.115356 0.030304 

0.119995 -0.021332 -0.062805 -0.051147 -0.049347 -0.066772 0.013908 
0.089172 -0.065613 -0.102478 -0.091492 -0.080505 -0.081848 0.011810 
0.086060 -0.066650 -0.096558 -0.093445 -0.082458 -0.090515 -0.027573 
0.080750 -0.074402 -0.117188 -0.118958 -0.108826 -0.103577 -0.030533 
0.077393 -0.075256 -0.109924 -0.101318 -0.086182 -0.078369 -0.017807 
0.062469 -0.097107 -0.145020 -0.143433 -0.137939 -0.132324 -0.029251 
-0.192871 -0.379883 -0.411621 -0.395752 -0.388916 -0.383789 -0.200806 

0.131958 -0.025604 -0.024872 -0.017761 -0.007866 -0.026443 0.130615 
0.076355 -0.093079 -0.094116 -0.111328 -0.099731 -0.093811 -0.022995 
0.096375 -0.045898 -0.033813 -0.047882 -0.042419 -0.041809 -0.005138 
0.117432 -0.020081 -0.013290 -0.016724 -0.017990 -0.018707 -0.003813 
0.117432 -0.019592 -0.014275 -0.025452 -0.023163 -0.024673 -0.002377 
0.164307 0.012924 0.033142 0.005795 0.009933 0.012123 0.013550 
0.200317 0.008316 0.051544 0.029266 0.037262 0.026215 0.090637 

0.168335 0.292725 0.297363 0.305664 0.300049 0.332764 0.065369 
0.158569 0.209717 0.215942 0.219604 0.234497 0.265381 0.009796 
0.140137 0.203979 0.209473 0.211548 0.228271 0.248901 0.004635 
0.149048 0.201660 0.204346 0.212280 0.236694 0.251953 0.006069 
0.156250 0.194458 0.206787 0.212402 0.227417 0.253174 0.011192 
0.184937 0.229736 0.242065 0.247192 0.258545 0.277344 0.018158 
-0.003540 0.167969 0.147461 0.164307 0.174072 0.185913 -0.040894 

0.330078 0.300049 0.266846 0.268066 0.268066 0.257812 0.332275 
0.180664 0.194824 0.191772 0.189819 0.184937 0.174316 0.226685 
0.193359 0.196045 0.188232 0.182251 0.182861 0.174316 0.205933 
0.178711 0.181274 0.168579 0.161743 0.151978 0.163818 0.205078 
0.184204 0.197632 0.166992 0.172363 0.155273 0.165771 0.207886 
0.152344 0.161743 0.133179 0.146851 0.131104 0.130493 0.207886 
0.087646 0.055511 0.033661 0.041626 0.040710 0.035004 0.135254 

0.042847 0.112976 0.083069 0.081970 0.082397 0.091858 0.101746 
0.049896 0.139893 0.100220 0.098633 0.104004 0.116028 0.112671 
0.021225 0.122314 0.076904 0.084473 0.085388 0.093384 0.079712 
0.005169 0.100708 0.055603 0.063538 0.076111 0.082642 0.074890 
0.014694 0.112244 0.075623 0.070374 0.086182 0.086243 0.077026 
0.050018 0.148926 0.124512 0.114624 0.125854 0.130615 0.115601 
-0.053894 0.060822 0.025681 0.018875 0.025330 0.038849 0.031158 

-0.089111 -0.202759 -0.252441 -0.237061 -0.250488 -0.231445 -0.079529 
-0.312256 -0.370361 -0.396973 -0.377686 -0.393799 -0.381104 -0.276367 
-0.289062 -0.346924 -0.379883 -0.363770 -0.377197 -0.347900 -0.262207 
-0.282227 -0.342041 -0.383301 -0.369385 -0.368408 -0.349854 -0.267822 
-0.265869 -0.322754 -0.366211 -0.355469 -0.353271 -0.333252 -0.263672 
-0.219849 -0.297119 -0.323486 -0.314209 -0.322021 -0.293213 -0.224609 
-0.141479 -0.220459 -0.278076 -0.264893 -0.275391 -0.257080 -0.160889 

0.035675 0.032471 -0.002316 0.026321 0.016327 0.005692 0.094238 
0.005363 0.033569 0.022720 0.038544 0.029053 0.035797 0.084778 
-0.040009 -0.035950 -0.045563 -0.035309 -0.048035 -0.050018 -0.025894 
-0.047607 -0.048889 -0.062622 -0.048492 -0.050934 -0.056824 -0.022491 
-0.032227 -0.021378 -0.037018 -0.024445 -0.030655 -0.037872 -0.004513 
-0.030914 0.013107 0.002514 0.009613 0.000581 0.004635 0.017822 
-0.157593 -0.196289 -0.206177 -0.194580 -0.200439 -0.213013 -0.121948 

0.024734 -0.025345 -0.007668 -0.013336 -0.006233 -0.019775 -0.092651 
-0.066956 -0.015587 -0.012939 -0.015579 -0.013023 -0.015793 -0.193604 
-0.022659 0.016479 0.033661 0.037628 0.033203 0.025406 -0.164062 
-0.008926 0.036224 0.043701 0.049225 0.042419 0.037781 -0.149048 
-0.025482 0.024185 0.028290 0.043488 0.038788 0.030502 -0.158813 
0.000114 0.043427 0.025696 0.036346 0.030212 0.024841 -0.154175 
-0.029205 -0.038574 -0.041382 -0.040405 -0.046631 -0.054108 -0.154541 

0.089844 0.097778 0.072510 0.075195 0.066956 0.056030 0.106934 
0.108826 0.130615 0.126953 0.136353 0.118835 0.099976 0.103638 
0.141235 0.156616 0.164307 0.176636 0.159180 0.138306 0.138550 
0.133301 0.144043 0.147827 0.166992 0.145020 0.135132 0.127686 
0.134399 0.145508 0.144409 0.165161 0.140137 0.128296 0.116455 
0.139038 0.130615 0.145386 0.166748 0.145142 0.132080 0.120300 
0.097839 0.037842 0.036682 0.051117 0.035767 0.020401 0.107300 

0.313965 0.226196 0.255859 0.242554 0.253906 0.252441 0.242065 
0.055756 0.037506 0.087280 0.065002 0.081604 0.080811 -0.003525 
0.065063 0.066711 0.112061 0.089355 0.108337 0.116455 0.031464 
0.053284 0.058563 0.102173 0.081909 0.092468 0.114075 0.022903 
0.054138 0.066162 0.111267 0.092041 0.101990 0.121338 0.038971 
0.040375 0.043732 0.077576 0.050446 0.064575 0.081604 0.026672 
0.197754 0.138062 0.177490 0.162476 0.179321 0.182495 0.151123 

-0.099487 -0.037201 -0.089478 -0.082581 -0.087769 -0.078186 -0.065125 
-0.024475 -0.182983 -0.223267 -0.207764 -0.217407 -0.194214 -0.028580 
-0.005196 -0.160645 -0.203613 -0.184082 -0.200928 -0.182129 -0.002537 
-0.014969 -0.162109 -0.201904 -0.186646 -0.183105 -0.184814 -0.009155 
0.010361 -0.140503 -0.183594 -0.169556 -0.170410 -0.166260 0.014137 
0.028931 -0.111145 -0.150024 -0.131226 -0.134521 -0.121521 0.020950 
-0.155151 -0.171753 -0.219360 -0.206787 -0.221313 -0.209351 -0.138794 

-0.032928 -0.073242 -0.078491 -0.081848 -0.081238 -0.089661 -0.043152 
0.140747 -0.022675 -0.015488 -0.006184 -0.008926 -0.002840 0.056793 
0.110168 -0.056946 -0.048920 -0.043365 -0.046936 -0.049957 0.001938 
0.117065 -0.045746 -0.032501 -0.030594 -0.030029 -0.042969 0.016159 
0.120544 -0.040009 -0.030472 -0.030746 -0.034058 -0.040527 0.015015 
0.112854 -0.046356 -0.031021 -0.025009 -0.032288 -0.036743 0.010307 
0.023621 -0.114136 -0.096252 -0.096069 -0.106323 -0.122375 -0.001633 

0.011002 -0.052185 -0.072144 -0.073425 -0.074646 -0.078918 -0.058868 
-0.010254 -0.053925 -0.059448 -0.063721 -0.061981 -0.073181 -0.052429 
-0.019623 -0.068542 -0.076843 -0.078308 -0.075378 -0.085876 -0.082520 
-0.025848 -0.077515 -0.095764 -0.101501 -0.098206 -0.097168 -0.083374 
-0.036835 -0.074829 -0.084900 -0.086792 -0.080627 -0.084473 -0.074890 
-0.044983 -0.090576 -0.101074 -0.102234 -0.095703 -0.104187 -0.083618 
-0.114624 -0.109619 -0.136719 -0.140625 -0.126831 -0.125244 -0.099976 

0.262695 0.239746 0.248169 0.256104 0.252441 0.266846 0.297119 
0.200562 0.202515 0.191040 0.205322 0.203735 0.224854 0.263916 
0.202759 0.191895 0.186157 0.193237 0.194824 0.212891 0.259033 
0.200928 0.201050 0.199951 0.206177 0.215820 0.217407 0.258789 
0.202515 0.193970 0.194946 0.194824 0.214722 0.210693 0.260010 
0.222534 0.207886 0.214600 0.208740 0.221313 0.229858 0.265381 
0.239380 0.232178 0.232666 0.229492 0.235840 0.244629 0.262695 

-0.064148 -0.085022 -0.109741 -0.099304 -0.100769 -0.126831 -0.132935 
-0.169189 -0.057312 -0.024368 -0.026627 -0.034363 -0.061859 -0.167603 
-0.139526 -0.013992 0.000704 0.010323 -0.011223 -0.030258 -0.132812 
-0.151123 -0.019257 -0.016266 -0.012642 -0.032257 -0.057465 -0.139771 
-0.156616 0.000788 -0.005318 0.007973 -0.010223 -0.041901 -0.135376 
-0.172974 -0.001070 -0.006321 0.006462 -0.010513 -0.039337 -0.143555 
-0.106506 -0.073364 -0.075989 -0.066162 -0.069885 -0.090332 -0.066956 

-0.303711 -0.350098 -0.313477 -0.325684 -0.329102 -0.291504 -0.329102 
-0.160522 -0.276611 -0.255859 -0.240723 -0.244995 -0.207031 -0.170776 
-0.126099 -0.259766 -0.226685 -0.225464 -0.215698 -0.196045 -0.153076 
-0.127319 -0.266602 -0.214722 -0.227173 -0.204834 -0.201050 -0.145264 
-0.116516 -0.262451 -0.198486 -0.215454 -0.194458 -0.187256 -0.144165 
-0.096130 -0.286133 -0.228394 -0.238159 -0.215576 -0.204468 -0.156738 
-0.222046 -0.316895 -0.257324 -0.258789 -0.256104 -0.247192 -0.283691 

-0.039917 0.092468 0.094971 0.079102 0.080566 0.071960 -0.061432 
-0.137085 -0.018860 0.001940 -0.025604 -0.010811 0.000921 -0.069885 
-0.148682 0.020370 0.044861 0.011658 0.029861 0.044067 -0.073120 
-0.165283 -0.003660 0.013916 -0.020294 -0.000733 0.021210 -0.090210 
-0.160400 -0.002922 0.026718 -0.015320 0.011490 0.030060 -0.075989 
-0.159302 -0.022873 0.010986 -0.039093 -0.009674 0.013565 -0.077209 
-0.353760 -0.195068 -0.164062 -0.194702 -0.177979 -0.167358 -0.304199 

0.105957 0.112976 0.114014 0.094788 0.100159 0.130981 0.093079 
0.111389 0.123779 0.132568 0.118958 0.127197 0.148804 0.094727 
0.084717 0.097717 0.100891 0.094238 0.109619 0.124512 0.075012 
0.075623 0.084778 0.105896 0.095215 0.109619 0.130737 0.070007 
0.084290 0.086670 0.106201 0.097473 0.113525 0.137817 0.081909 
0.089722 0.108276 0.115662 0.103394 0.118530 0.141724 0.082764 
0.004837 -0.041229 -0.032013 -0.045654 -0.032471 -0.022278 0.026291 

-0.022995 0.133179 0.191406 0.178589 0.171143 0.170532 0.005592 
-0.035767 0.123291 0.181152 0.179199 0.165649 0.156860 0.001493 
-0.013458 0.159912 0.192505 0.199341 0.196289 0.176147 -0.007957 
0.004333 0.181519 0.207275 0.208374 0.197388 0.175293 0.000613 
0.004673 0.180664 0.206299 0.206421 0.193115 0.163452 -0.004078 
0.011200 0.182373 0.219116 0.222534 0.209961 0.183716 0.024780 
-0.274902 -0.143433 -0.089600 -0.097900 -0.103882 -0.121338 -0.225098 

-0.141235 -0.126587 -0.149780 -0.143555 -0.143311 -0.135498 -0.222900 
-0.122131 -0.035553 -0.044495 -0.046143 -0.039429 -0.015579 -0.151489 
-0.130493 -0.012726 -0.012589 -0.018204 0.000071 0.017746 -0.167969 
-0.136230 -0.028885 -0.033173 -0.051117 -0.031433 0.017593 -0.164917 
-0.137817 -0.043518 -0.034943 -0.047302 -0.024338 0.025284 -0.156128 
-0.118408 -0.025635 -0.033325 -0.043304 -0.030380 0.010086 -0.138794 
-0.011215 0.019669 0.009331 0.013802 0.023972 0.050507 -0.051270 

-0.123840 0.124390 0.074585 0.066711 0.068420 0.080505 0.027710 
-0.150146 0.014832 -0.038788 -0.041412 -0.046051 -0.018127 0.081543 
-0.190796 -0.043976 -0.090332 -0.095520 -0.096619 -0.065430 0.059509 
-0.212769 -0.071289 -0.120239 -0.120178 -0.104919 -0.081726 0.044769 
-0.194458 -0.058197 -0.090393 -0.106812 -0.086731 -0.067200 0.057709 
-0.189697 -0.057587 -0.093872 -0.117310 -0.098206 -0.071106 0.056366 
-0.199585 0.051636 -0.011215 -0.022751 -0.010132 0.011345 -0.022049 

-0.298828 -0.257080 -0.237061 -0.237305 -0.242676 -0.229248 -0.206421 
-0.171265 -0.135864 -0.127441 -0.121399 -0.124634 -0.106995 -0.157471 
-0.209961 -0.180664 -0.168945 -0.152466 -0.170288 -0.178833 -0.198486 
-0.226196 -0.203369 -0.181763 -0.174194 -0.181030 -0.199219 -0.196045 
-0.214722 -0.187134 -0.169067 -0.162231 -0.162354 -0.190796 -0.192261 
-0.242065 -0.198242 -0.192139 -0.182251 -0.180908 -0.190308 -0.198364 
-0.185425 -0.164673 -0.119141 -0.111206 -0.112366 -0.127319 -0.192993 

-0.086792 -0.166992 -0.201172 -0.206909 -0.207275 -0.223022 -0.270020 
0.091553 -0.014908 -0.009453 -0.007473 -0.009560 -0.020004 -0.098633 
0.096130 0.008591 -0.005760 0.001955 0.004333 -0.007690 -0.097778 
0.095337 0.012543 -0.012733 -0.000275 -0.008400 -0.000810 -0.087952 
0.084167 0.010460 -0.018753 -0.006290 -0.009155 0.004753 -0.088989 
0.054565 -0.010666 -0.058472 -0.038116 -0.042114 -0.028336 -0.081787 
-0.089600 -0.165161 -0.211304 -0.202515 -0.198242 -0.189941 -0.235596 

-0.274902 -0.117493 -0.068420 -0.095764 -0.082092 -0.096985 -0.367676 
-0.138184 0.174194 0.197144 0.179565 0.193970 0.161133 -0.192993 
-0.082275 0.219116 0.214355 0.199097 0.211914 0.179321 -0.158081 
-0.064514 0.232300 0.219238 0.208984 0.205078 0.188232 -0.151245 
-0.071960 0.228516 0.208496 0.203125 0.197876 0.175903 -0.163208 
-0.064941 0.270264 0.250977 0.233887 0.226929 0.198364 -0.171143 
-0.047272 0.327148 0.294678 0.280762 0.287109 0.257080 -0.084900 

0.091858 0.032684 0.104492 0.072693 0.089478 0.081299 0.033600 
0.041138 0.057861 0.117065 0.091187 0.108826 0.079285 -0.026062 
0.037415 0.042908 0.109009 0.092163 0.102112 0.062866 -0.029892 
0.035187 0.045471 0.111206 0.099243 0.092163 0.062866 -0.040039 
0.040009 0.061584 0.127563 0.117065 0.102417 0.072998 -0.034851 
0.033875 0.060974 0.119690 0.107544 0.102722 0.065369 -0.034729 
0.113586 0.082336 0.159424 0.144165 0.132568 0.100037 0.038055 

-0.125977 -0.117004 -0.141479 -0.148315 -0.131226 -0.125122 -0.063599 
-0.141479 -0.176270 -0.182495 -0.202148 -0.182617 -0.168335 -0.007099 
-0.118774 -0.125488 -0.139160 -0.158203 -0.144043 -0.122253 0.010506 
-0.130493 -0.141724 -0.149658 -0.183228 -0.153687 -0.137817 0.010742 
-0.126221 -0.158813 -0.156860 -0.187256 -0.152954 -0.135620 0.024551 
-0.150635 -0.177856 -0.184082 -0.210083 -0.181030 -0.170288 0.003040 
-0.281738 -0.218872 -0.252197 -0.272949 -0.248535 -0.244507 -0.157593 

0.033600 0.074951 0.079041 0.077942 0.081360 0.072632 0.048584 
0.072388 0.125366 0.137451 0.130493 0.130859 0.135986 0.076660 
0.086792 0.155151 0.166992 0.160889 0.152222 0.156738 0.082825 
0.068542 0.142090 0.141968 0.134155 0.132690 0.141235 0.077515 
0.057281 0.144165 0.147705 0.139038 0.146851 0.146729 0.084778 
0.044006 0.138550 0.136963 0.122803 0.124390 0.133057 0.083191 
0.132690 0.166626 0.175781 0.162964 0.164062 0.177490 0.147583 

-0.089355 -0.153564 -0.167847 -0.166626 -0.177856 -0.162476 -0.017456 
-0.291748 -0.379639 -0.404053 -0.397461 -0.404053 -0.400879 -0.145020 
-0.281738 -0.362305 -0.378906 -0.378906 -0.378662 -0.377441 -0.126221 
-0.292236 -0.379639 -0.394531 -0.394043 -0.385498 -0.393555 -0.132690 
-0.270752 -0.366455 -0.376953 -0.387695 -0.375732 -0.386719 -0.122864 
-0.238892 -0.355957 -0.354248 -0.363281 -0.354004 -0.360596 -0.100952 
-0.147461 -0.108337 -0.097839 -0.106812 -0.112732 -0.108215 -0.008492 

-0.132935 0.051086 0.062256 0.076843 0.061554 0.049133 -0.166870 
-0.077881 -0.075195 -0.067322 -0.054474 -0.066772 -0.102661 -0.119263 
-0.084473 -0.095703 -0.076477 -0.072083 -0.082397 -0.124329 -0.166870 
-0.066833 -0.084167 -0.075256 -0.073242 -0.090515 -0.125488 -0.175903 
-0.067078 -0.075439 -0.066406 -0.059723 -0.084167 -0.114197 -0.163330 
-0.047211 -0.056854 -0.055145 -0.052856 -0.079285 -0.102905 -0.145508 
-0.327881 -0.195557 -0.150635 -0.147095 -0.169067 -0.199219 -0.323242 

