0.147705 0.085876 0.084351 0.079956 0.078186 0.087524 0.107300 
0.041199 -0.049744 -0.047729 -0.040161 -0.048889 -0.043610 -0.024979 
0.040894 -0.050232 -0.056152 -0.051422 -0.054474 -0.048492 -0.033142 
0.040222 -0.053345 -0.053894 -0.057068 -0.058655 -0.055176 -0.034698 
0.043640 -0.051544 -0.048828 -0.058105 -0.057495 -0.049316 -0.038788 
0.045044 -0.056519 -0.054962 -0.057312 -0.056885 -0.050476 -0.039490 
0.084106 0.008713 0.006424 0.021088 0.012009 0.007217 0.018997 

-0.033264 -0.028809 -0.018921 -0.025391 -0.024765 -0.017853 -0.008049 
-0.112549 -0.045349 -0.042908 -0.055786 -0.055054 -0.047028 -0.020859 
-0.106384 -0.049530 -0.057068 -0.063049 -0.052521 -0.051208 -0.017349 
-0.114441 -0.066528 -0.070312 -0.078918 -0.079163 -0.066650 -0.020035 
-0.113831 -0.069885 -0.063721 -0.079590 -0.075623 -0.060944 -0.014374 
-0.108093 -0.050598 -0.045135 -0.065186 -0.059692 -0.053284 -0.007172 
-0.112793 -0.076355 -0.059387 -0.071472 -0.059082 -0.064941 -0.026428 

0.153564 0.174683 0.182983 0.173706 0.173584 0.180176 0.168823 
0.139282 0.149170 0.162476 0.155884 0.148926 0.159668 0.129272 
0.138916 0.148438 0.145386 0.144897 0.148804 0.157837 0.123230 
0.142944 0.157471 0.152100 0.153442 0.155151 0.161621 0.134766 
0.146973 0.161377 0.151978 0.151733 0.154419 0.163574 0.134155 
0.148071 0.166748 0.156860 0.155762 0.158691 0.166260 0.136841 
0.147339 0.156250 0.159790 0.153442 0.159180 0.167603 0.146729 

-0.130249 -0.088379 -0.086060 -0.085083 -0.091125 -0.082825 -0.072021 
-0.126953 -0.083740 -0.079163 -0.076050 -0.082092 -0.085083 -0.064575 
-0.135010 -0.096191 -0.091064 -0.089966 -0.088013 -0.086121 -0.067688 
-0.134644 -0.102783 -0.094971 -0.092773 -0.089722 -0.079285 -0.064697 
-0.129761 -0.097900 -0.096313 -0.091309 -0.089111 -0.072632 -0.067505 
-0.123901 -0.077881 -0.081238 -0.072998 -0.069580 -0.063416 -0.049561 
-0.088379 -0.019714 -0.028259 -0.015381 -0.012283 -0.011749 -0.007843 

0.120972 0.111450 0.111389 0.124878 0.109497 0.115723 0.110168 
0.173462 0.174927 0.191650 0.197388 0.177124 0.183228 0.156982 
0.172485 0.167236 0.183472 0.182373 0.178467 0.191895 0.162231 
0.167847 0.164917 0.176514 0.182495 0.184814 0.192993 0.164185 
0.171509 0.181885 0.174194 0.193481 0.187500 0.191772 0.164551 
0.155273 0.177368 0.163818 0.180664 0.178101 0.179443 0.159668 
0.128052 0.126099 0.124878 0.133057 0.131714 0.141846 0.131226 

-0.133667 -0.156372 -0.177612 -0.174561 -0.180054 -0.166382 -0.131836 
-0.141479 -0.143311 -0.148926 -0.151855 -0.155273 -0.146118 -0.129883 
-0.133545 -0.129517 -0.139526 -0.145386 -0.142700 -0.128418 -0.138306 
-0.141357 -0.147949 -0.152344 -0.167236 -0.173584 -0.139526 -0.134399 
-0.142090 -0.147583 -0.147705 -0.159180 -0.163818 -0.133667 -0.139404 
-0.129272 -0.122803 -0.130981 -0.143799 -0.153809 -0.133057 -0.126343 
-0.077026 -0.068481 -0.080933 -0.077820 -0.086304 -0.082581 -0.071594 

-0.121277 -0.108276 -0.101746 -0.093384 -0.099487 -0.105164 -0.133179 
-0.094727 -0.076599 -0.068481 -0.060638 -0.070312 -0.064880 -0.098328 
-0.089539 -0.070801 -0.067871 -0.059204 -0.070984 -0.069397 -0.089417 
-0.089966 -0.067749 -0.069702 -0.061584 -0.061584 -0.078613 -0.091675 
-0.093079 -0.067993 -0.068604 -0.066650 -0.062195 -0.081299 -0.091187 
-0.092773 -0.077454 -0.070007 -0.065979 -0.066284 -0.076050 -0.094421 
-0.106995 -0.095337 -0.087402 -0.083191 -0.085205 -0.088684 -0.107727 

-0.020386 0.012932 0.018188 0.019089 0.017349 0.015778 0.000349 
0.013397 0.046387 0.048279 0.051605 0.051544 0.043274 0.037323 
0.015930 0.041656 0.041748 0.044067 0.046692 0.037476 0.036072 
0.021576 0.048096 0.046661 0.048035 0.049652 0.040771 0.044495 
0.023956 0.042694 0.043549 0.046204 0.049500 0.043732 0.039520 
0.019928 0.042114 0.048187 0.051636 0.057831 0.050201 0.050842 
0.018845 0.045166 0.059631 0.058472 0.064575 0.056641 0.046112 

-0.003845 0.050385 0.051636 0.063599 0.066223 0.058655 -0.014107 
0.106079 0.141846 0.120544 0.138794 0.133057 0.143799 0.096497 
0.117737 0.169434 0.162231 0.179688 0.163818 0.152954 0.107056 
0.117432 0.166870 0.152832 0.174072 0.174683 0.146362 0.101685 
0.114380 0.159424 0.155273 0.161987 0.172852 0.144897 0.099976 
0.121887 0.147095 0.155640 0.158691 0.165405 0.150635 0.095947 
0.077576 0.112305 0.107483 0.109863 0.110229 0.102356 0.047424 

0.006584 -0.019379 -0.013000 -0.018417 -0.010139 -0.011597 0.003534 
0.047150 -0.019958 -0.012344 -0.028793 -0.012314 -0.011726 0.037567 
0.062683 0.004845 0.007957 -0.007545 0.006634 0.001764 0.062225 
0.060730 -0.012642 -0.004105 -0.009041 -0.006950 0.005852 0.058350 
0.070251 -0.019699 -0.009689 -0.016037 -0.010872 0.002266 0.060059 
0.079468 -0.020599 -0.006527 -0.016800 -0.004765 -0.000080 0.044830 
0.099915 -0.020782 -0.009186 -0.021378 -0.007996 -0.014946 0.021637 

0.117065 0.136597 0.143921 0.141602 0.147339 0.138794 0.129150 
0.123657 0.104309 0.105103 0.109497 0.113037 0.099304 0.106201 
0.142456 0.140503 0.137817 0.147095 0.146484 0.125854 0.127686 
0.133545 0.133301 0.130249 0.140991 0.150146 0.120483 0.128906 
0.137695 0.130615 0.130249 0.140747 0.150757 0.126709 0.131592 
0.133057 0.126465 0.132446 0.146606 0.156372 0.130249 0.129028 
0.125244 0.125610 0.140869 0.142456 0.154785 0.140137 0.134399 

0.024368 -0.018158 0.008087 -0.018585 -0.008591 -0.000656 -0.020111 
-0.006927 -0.067993 -0.025970 -0.061401 -0.052216 -0.051636 -0.063843 
-0.014931 -0.088989 -0.056335 -0.077576 -0.066040 -0.064819 -0.078857 
-0.011284 -0.085632 -0.046692 -0.062805 -0.066833 -0.044952 -0.077942 
-0.011574 -0.086853 -0.045502 -0.062012 -0.061951 -0.047424 -0.073181 
-0.021362 -0.091736 -0.053680 -0.068848 -0.064331 -0.055542 -0.072510 
-0.050720 -0.074097 -0.037903 -0.054321 -0.043884 -0.041260 -0.064087 

-0.070496 -0.021729 -0.004433 -0.027481 -0.013214 -0.017746 -0.029388 
-0.130493 -0.098999 -0.097900 -0.113464 -0.097534 -0.104614 -0.092773 
-0.109863 -0.069458 -0.062378 -0.078857 -0.069153 -0.069519 -0.068420 
-0.110474 -0.085266 -0.075989 -0.079956 -0.077209 -0.069702 -0.080933 
-0.104248 -0.080139 -0.062744 -0.079773 -0.077393 -0.068542 -0.070129 
-0.098877 -0.077148 -0.057159 -0.076538 -0.067383 -0.064697 -0.072937 
-0.083496 -0.016266 0.022141 0.007980 0.014046 0.000320 -0.016022 

-0.021332 -0.079773 -0.092651 -0.091553 -0.087769 -0.090759 -0.088623 
-0.099182 -0.106750 -0.130859 -0.125122 -0.120239 -0.126465 -0.115417 
-0.108887 -0.122803 -0.135742 -0.138550 -0.135132 -0.152588 -0.129028 
-0.110291 -0.123901 -0.139160 -0.129028 -0.127686 -0.136963 -0.131958 
-0.106384 -0.122803 -0.137695 -0.132324 -0.132812 -0.143188 -0.134277 
-0.086792 -0.110229 -0.129883 -0.120667 -0.122803 -0.122498 -0.118347 
-0.055695 -0.034821 -0.045471 -0.035767 -0.038422 -0.045929 -0.036530 

0.169800 0.196899 0.213989 0.212769 0.213867 0.208252 0.180420 
0.160645 0.189453 0.204102 0.204712 0.207764 0.199707 0.148560 
0.188843 0.231079 0.237183 0.237671 0.249023 0.231812 0.166260 
0.183350 0.224243 0.232666 0.235840 0.242432 0.232422 0.170410 
0.184814 0.227173 0.229492 0.235352 0.241943 0.239014 0.173340 
0.178345 0.228394 0.220581 0.230103 0.242310 0.228271 0.167725 
0.215332 0.276123 0.253906 0.262207 0.270264 0.262695 0.207886 

-0.184448 -0.122131 -0.100159 -0.107849 -0.102966 -0.110718 -0.147583 
-0.151978 -0.097107 -0.079773 -0.084167 -0.079041 -0.087646 -0.127686 
-0.154053 -0.099548 -0.083801 -0.074036 -0.074219 -0.089722 -0.124695 
-0.150879 -0.090698 -0.072083 -0.065613 -0.063721 -0.084045 -0.124084 
-0.154541 -0.098022 -0.069885 -0.070740 -0.064026 -0.087708 -0.121826 
-0.156494 -0.111511 -0.078857 -0.070557 -0.063782 -0.081055 -0.122620 
-0.181396 -0.127319 -0.116882 -0.108459 -0.110291 -0.118408 -0.143433 

0.276367 0.333008 0.337402 0.336914 0.343262 0.337402 0.309082 
0.319336 0.375977 0.377441 0.370361 0.383789 0.385742 0.390381 
0.330811 0.385010 0.403320 0.390869 0.389893 0.385742 0.388184 
0.321289 0.384277 0.406006 0.392090 0.392822 0.380859 0.390625 
0.318359 0.372803 0.407227 0.390625 0.398438 0.384033 0.388672 
0.326172 0.368896 0.404785 0.384521 0.389893 0.380371 0.391602 
0.316406 0.332275 0.362305 0.347168 0.353516 0.337646 0.340088 

0.050354 0.122498 0.125610 0.134155 0.134277 0.132568 0.121521 
-0.006241 0.054443 0.024902 0.047455 0.040955 0.050842 0.043518 
-0.016434 0.052856 0.030930 0.049744 0.041504 0.044647 0.046814 
-0.026489 0.056305 0.026688 0.050903 0.051453 0.045471 0.043671 
-0.025330 0.065063 0.026276 0.049896 0.048645 0.048157 0.053528 
-0.026764 0.066956 0.031403 0.049530 0.048096 0.050171 0.045349 
0.006401 0.113708 0.090698 0.098572 0.098145 0.099915 0.078857 

0.142578 0.121887 0.144043 0.132812 0.130859 0.135376 0.161743 
0.025696 0.051849 0.064209 0.058136 0.059479 0.050659 0.043610 
0.014366 0.035858 0.039398 0.041595 0.046570 0.038147 0.042114 
-0.003990 0.024734 0.038696 0.048859 0.040710 0.044312 0.039062 
0.004696 0.034851 0.040222 0.057617 0.041473 0.054749 0.046082 
-0.023895 0.031921 0.046783 0.058716 0.056152 0.048950 0.047974 
0.039368 0.085510 0.111145 0.117371 0.117737 0.105225 0.084229 

0.148315 0.174194 0.188721 0.183472 0.186523 0.182373 0.186279 
0.136597 0.176392 0.189331 0.181885 0.185303 0.174805 0.170776 
0.141479 0.192749 0.201294 0.192627 0.197266 0.187012 0.187256 
0.144775 0.186890 0.195312 0.196533 0.197388 0.197021 0.185791 
0.148438 0.189697 0.194702 0.196899 0.198120 0.196777 0.189575 
0.148438 0.197876 0.200317 0.201904 0.204468 0.202881 0.193848 
0.157959 0.236206 0.226807 0.223755 0.228271 0.229858 0.220093 

-0.077576 -0.048584 -0.038300 -0.040833 -0.045349 -0.047516 -0.047791 
-0.104187 -0.048096 -0.046234 -0.046204 -0.047089 -0.052643 -0.030304 
-0.107361 -0.059937 -0.058472 -0.065063 -0.063660 -0.070312 -0.054779 
-0.108643 -0.070129 -0.064819 -0.067627 -0.066650 -0.065063 -0.044434 
-0.106873 -0.068420 -0.064514 -0.067200 -0.066040 -0.065674 -0.051331 
-0.105103 -0.062225 -0.061768 -0.058746 -0.057129 -0.056030 -0.036499 
-0.047607 0.022369 0.016891 0.018082 0.024002 0.021637 0.020752 

-0.059479 -0.032074 -0.058044 -0.043060 -0.047729 -0.048431 -0.039581 
-0.102112 -0.033966 -0.065186 -0.040802 -0.053345 -0.055939 -0.088074 
-0.111755 -0.037720 -0.067017 -0.048340 -0.065247 -0.060822 -0.083374 
-0.109009 -0.037872 -0.066406 -0.057312 -0.061157 -0.082214 -0.085266 
-0.106079 -0.027405 -0.052124 -0.050049 -0.057251 -0.077942 -0.089539 
-0.101013 -0.026215 -0.049561 -0.046753 -0.062439 -0.077881 -0.090942 
-0.072693 -0.045410 -0.065796 -0.058838 -0.077148 -0.075684 -0.057861 

0.019089 0.071045 0.105469 0.088562 0.095459 0.092712 0.116760 
0.026352 0.050293 0.075562 0.067139 0.072571 0.072083 0.136475 
0.041687 0.069580 0.084473 0.087402 0.095947 0.096985 0.131104 
0.041382 0.076477 0.093628 0.090820 0.092041 0.098633 0.141357 
0.039673 0.071594 0.088013 0.086487 0.090332 0.099609 0.145142 
0.035156 0.082581 0.090515 0.091675 0.098206 0.098022 0.144409 
0.058319 0.135620 0.135498 0.137207 0.140625 0.135620 0.164429 

-0.046967 -0.012810 -0.012321 -0.022079 -0.009560 -0.016876 -0.042664 
-0.091248 -0.081116 -0.088806 -0.091675 -0.080933 -0.088440 -0.116638 
-0.073303 -0.048584 -0.057678 -0.052460 -0.054718 -0.054626 -0.089844 
-0.075623 -0.058350 -0.061676 -0.068115 -0.072449 -0.072327 -0.098389 
-0.074646 -0.062073 -0.052643 -0.071472 -0.069031 -0.073975 -0.096741 
-0.080444 -0.080750 -0.070557 -0.088379 -0.091064 -0.094727 -0.116333 
-0.091919 -0.099976 -0.087769 -0.094482 -0.106079 -0.106934 -0.104492 

0.064758 0.094421 0.095093 0.096985 0.099304 0.095276 0.067322 
0.200928 0.206299 0.200684 0.191528 0.200195 0.201050 0.186646 
0.203613 0.220093 0.220093 0.219360 0.216919 0.213501 0.206299 
0.207642 0.222534 0.220825 0.225220 0.222534 0.212769 0.194092 
0.205322 0.217529 0.221802 0.219604 0.215454 0.208374 0.197144 
0.205078 0.210693 0.216187 0.212891 0.211426 0.208984 0.192139 
0.159058 0.179199 0.182373 0.176880 0.178833 0.177734 0.162842 

0.046448 -0.078369 -0.085266 -0.073608 -0.077637 -0.075378 -0.094910 
0.120361 0.011032 0.001144 0.005684 -0.009705 -0.001335 -0.022095 
0.109375 -0.012314 -0.038330 -0.013702 -0.027985 -0.011230 -0.029968 
0.125366 0.004753 -0.023224 -0.008942 -0.013702 -0.008347 -0.031021 
0.118469 0.001106 -0.018753 -0.011391 -0.017120 -0.017456 -0.040833 
0.126587 0.000000 -0.016861 -0.001637 -0.017242 -0.005222 -0.030655 
0.107300 0.016708 0.017029 0.026047 0.007805 0.025421 0.004074 

-0.116943 -0.203857 -0.184692 -0.208008 -0.197998 -0.197876 -0.174927 
-0.097107 -0.200806 -0.178467 -0.198242 -0.189087 -0.193604 -0.155273 
-0.085205 -0.194580 -0.173706 -0.187988 -0.177734 -0.177490 -0.152344 
-0.079224 -0.196045 -0.174683 -0.187744 -0.189941 -0.171509 -0.148804 
-0.077698 -0.200928 -0.176025 -0.187500 -0.188110 -0.169067 -0.141357 
-0.083679 -0.207153 -0.182007 -0.196777 -0.188477 -0.181763 -0.152100 
-0.068237 -0.198364 -0.192017 -0.202393 -0.196289 -0.192871 -0.166138 

0.078857 0.139160 0.152832 0.139526 0.140991 0.151123 0.147949 
0.018570 0.053833 0.071777 0.060425 0.056824 0.057800 0.032867 
0.031219 0.057556 0.068481 0.064026 0.066895 0.062988 0.036133 
0.031342 0.050079 0.057953 0.056763 0.054840 0.059570 0.031525 
0.031860 0.054718 0.059052 0.056641 0.054901 0.058167 0.037933 
0.022583 0.051361 0.060394 0.054810 0.059723 0.056458 0.037415 
0.015793 0.060608 0.074951 0.068481 0.076355 0.071533 0.050934 

-0.114929 -0.114258 -0.149658 -0.125366 -0.132446 -0.126953 -0.078491 
-0.113525 -0.089661 -0.109802 -0.091553 -0.084106 -0.092285 -0.042450 
-0.128784 -0.095459 -0.118286 -0.106079 -0.100464 -0.106445 -0.071167 
-0.128540 -0.101685 -0.119385 -0.122803 -0.117676 -0.112793 -0.074524 
-0.134644 -0.102661 -0.123657 -0.120972 -0.121948 -0.103027 -0.073303 
-0.122009 -0.096191 -0.120483 -0.118164 -0.122314 -0.112244 -0.075684 
-0.073853 -0.029556 -0.080139 -0.054810 -0.069519 -0.071533 -0.011787 

-0.356689 -0.302002 -0.314453 -0.314209 -0.315186 -0.312988 -0.302979 
-0.381836 -0.342285 -0.345703 -0.345215 -0.353027 -0.350098 -0.368896 
-0.383545 -0.329102 -0.338135 -0.331299 -0.342285 -0.330322 -0.346436 
-0.386230 -0.327881 -0.343750 -0.340088 -0.344238 -0.338135 -0.351807 
-0.387451 -0.321289 -0.338135 -0.340088 -0.343994 -0.336670 -0.343750 
-0.395020 -0.317139 -0.340820 -0.343750 -0.348389 -0.348877 -0.357178 
-0.390869 -0.312500 -0.310791 -0.312500 -0.316895 -0.317139 -0.319824 

0.121338 0.082092 0.121277 0.099365 0.109680 0.103577 0.125488 
0.103333 0.104797 0.135742 0.115234 0.127319 0.115845 0.135742 
0.099548 0.092041 0.107483 0.087646 0.108582 0.092896 0.123596 
0.097900 0.099915 0.117615 0.106689 0.109070 0.124695 0.130249 
0.092041 0.089783 0.108398 0.103027 0.101562 0.116638 0.140381 
0.088806 0.078613 0.103149 0.104492 0.110046 0.117981 0.137695 
0.025986 0.009132 0.028381 0.013222 0.036133 0.027954 0.047913 

-0.080383 -0.035034 -0.023895 -0.036743 -0.038208 -0.035583 -0.042877 
-0.063599 -0.027115 -0.013245 -0.022308 -0.031021 -0.025040 -0.036804 
-0.054718 -0.017624 -0.003296 -0.011124 -0.017151 -0.023010 -0.027771 
-0.065674 -0.027100 -0.007828 -0.017548 -0.016098 -0.032104 -0.040131 
-0.060913 -0.028214 -0.001480 -0.018402 -0.011932 -0.028412 -0.028534 
-0.073608 -0.048950 -0.008072 -0.022400 -0.016571 -0.028259 -0.037720 
-0.088501 -0.029907 0.005066 -0.008987 -0.001038 -0.012711 -0.009735 

-0.079346 -0.083374 -0.093994 -0.080200 -0.080627 -0.091858 -0.096985 
-0.032776 0.020737 0.005966 0.022766 0.018082 0.006630 0.000000 
-0.028488 0.028564 0.013153 0.026291 0.022980 0.016693 -0.003441 
-0.032227 0.024017 0.005943 0.009209 0.009460 0.005714 0.001442 
-0.035828 0.024353 0.011681 0.013412 0.011650 0.006088 -0.002983 
-0.021637 0.030243 0.010147 0.015656 0.007393 0.001160 -0.002274 
0.003372 0.043121 0.027664 0.028442 0.017807 0.021912 0.045380 

-0.065735 -0.109070 -0.132202 -0.119324 -0.124146 -0.124268 -0.133423 
-0.092773 -0.074829 -0.096375 -0.084229 -0.089111 -0.089417 -0.131470 
-0.086853 -0.069153 -0.090210 -0.084106 -0.085510 -0.084717 -0.123474 
-0.094116 -0.069580 -0.090820 -0.083130 -0.081299 -0.087646 -0.128662 
-0.093872 -0.068054 -0.091553 -0.078613 -0.084595 -0.085022 -0.125488 
-0.098755 -0.073853 -0.093018 -0.080750 -0.089050 -0.090942 -0.137817 
-0.095825 -0.107910 -0.127075 -0.120605 -0.128052 -0.123535 -0.148438 

0.075500 0.073059 0.041534 0.049072 0.047241 0.046844 0.083069 
0.177002 0.177734 0.163452 0.158936 0.154297 0.154785 0.175171 
0.177002 0.162720 0.128906 0.135498 0.130981 0.159424 0.175903 
0.187256 0.169678 0.131836 0.127808 0.117920 0.153198 0.174438 
0.189941 0.181519 0.124695 0.130371 0.119385 0.150391 0.168701 
0.192017 0.215454 0.142822 0.144043 0.131348 0.157104 0.187988 
0.172974 0.182007 0.147461 0.143799 0.135742 0.163818 0.196411 

-0.223389 -0.133911 -0.141357 -0.136719 -0.138184 -0.141357 -0.144531 
-0.207031 -0.171021 -0.173462 -0.166016 -0.166870 -0.166992 -0.175049 
-0.203735 -0.148926 -0.148682 -0.148315 -0.155640 -0.147949 -0.153442 
-0.210571 -0.155518 -0.148560 -0.156006 -0.150879 -0.162354 -0.150879 
-0.210449 -0.162598 -0.146484 -0.160645 -0.150146 -0.156250 -0.155518 
-0.213135 -0.178345 -0.150146 -0.161743 -0.154785 -0.158569 -0.161133 
-0.212158 -0.209961 -0.202148 -0.204102 -0.199829 -0.199219 -0.164307 

0.186523 0.125732 0.127075 0.125610 0.127075 0.122314 0.131836 
0.182617 0.113770 0.109131 0.118408 0.117981 0.109009 0.121826 
0.177246 0.118774 0.121216 0.127441 0.129272 0.120178 0.130615 
0.167603 0.116394 0.114258 0.126953 0.130737 0.120178 0.130615 
0.168213 0.116699 0.111450 0.126099 0.128174 0.124084 0.133301 
0.160278 0.115723 0.103943 0.119263 0.124390 0.117493 0.119141 
0.149048 0.092102 0.078796 0.085876 0.088623 0.086121 0.105469 

0.182007 0.168823 0.148315 0.151489 0.156250 0.141724 0.122375 
0.176636 0.161499 0.133667 0.149170 0.156494 0.144531 0.131592 
0.183350 0.184448 0.170044 0.182007 0.168335 0.155273 0.139160 
0.173218 0.180420 0.173950 0.178833 0.172729 0.145630 0.139526 
0.171021 0.175293 0.175903 0.179565 0.174438 0.147095 0.130859 
0.170410 0.155762 0.161011 0.168091 0.155640 0.135864 0.120850 
0.201660 0.167603 0.179443 0.188354 0.176636 0.165771 0.156982 

-0.102356 -0.127930 -0.137085 -0.122437 -0.127808 -0.133667 -0.168579 
-0.016754 -0.025696 -0.038910 -0.015152 -0.025650 -0.031555 -0.066711 
-0.011360 -0.007370 -0.025009 0.000702 -0.002045 -0.013893 -0.053589 
-0.005432 0.002869 -0.021133 0.005142 0.006775 -0.003799 -0.045715 
-0.011971 -0.005341 -0.032471 -0.001236 -0.000504 -0.006531 -0.047058 
0.001297 0.000000 -0.022781 0.016403 0.018967 0.010513 -0.036011 
-0.024353 -0.017456 -0.042450 -0.017181 -0.018707 -0.019135 -0.058685 

-0.212769 -0.175903 -0.186890 -0.182983 -0.193848 -0.182983 -0.153076 
-0.253662 -0.207642 -0.209106 -0.200684 -0.211304 -0.198120 -0.219727 
-0.251221 -0.209106 -0.208496 -0.201782 -0.204712 -0.195557 -0.224731 
-0.254639 -0.210205 -0.208740 -0.214600 -0.211426 -0.198730 -0.222534 
-0.252930 -0.209473 -0.208252 -0.207886 -0.206299 -0.197388 -0.221680 
-0.257324 -0.217285 -0.216797 -0.206543 -0.206055 -0.200073 -0.230469 
-0.247314 -0.260498 -0.276855 -0.263184 -0.268066 -0.268311 -0.269043 

-0.205078 -0.292725 -0.286621 -0.288574 -0.285645 -0.287109 -0.286865 
-0.096802 -0.198242 -0.183838 -0.196289 -0.190186 -0.193604 -0.191895 
-0.103210 -0.193359 -0.185913 -0.190430 -0.187012 -0.190796 -0.198486 
-0.098022 -0.194336 -0.188110 -0.183716 -0.182861 -0.185791 -0.196777 
-0.097107 -0.195190 -0.183472 -0.182983 -0.182861 -0.180298 -0.187744 
-0.101196 -0.200928 -0.179688 -0.186768 -0.180298 -0.178467 -0.191040 
-0.081787 -0.181030 -0.179688 -0.185425 -0.180908 -0.182739 -0.190796 

0.079285 0.107117 0.129272 0.111816 0.115051 0.124817 0.120850 
-0.008972 -0.014801 0.004520 -0.003727 -0.008385 -0.000248 -0.024948 
-0.037262 -0.050934 -0.031738 -0.040497 -0.036682 -0.024673 -0.039032 
-0.039429 -0.044434 -0.022263 -0.027466 -0.023117 -0.014458 -0.036377 
-0.038666 -0.044586 -0.021255 -0.032990 -0.027802 -0.014938 -0.023849 
-0.052063 -0.055115 -0.020844 -0.032928 -0.022522 -0.011459 -0.036621 
-0.070679 -0.072937 -0.038330 -0.060455 -0.042542 -0.047485 -0.062561 

-0.169678 -0.159180 -0.138672 -0.150635 -0.146240 -0.141846 -0.125122 
-0.184326 -0.180664 -0.158447 -0.168091 -0.160278 -0.164917 -0.133667 
-0.183228 -0.179077 -0.163696 -0.183472 -0.168091 -0.175415 -0.152100 
-0.186279 -0.181274 -0.167969 -0.169800 -0.167480 -0.157227 -0.144653 
-0.176270 -0.168701 -0.166992 -0.167480 -0.168091 -0.154053 -0.136719 
-0.191040 -0.179321 -0.168457 -0.179321 -0.165283 -0.164673 -0.145020 
-0.160156 -0.119751 -0.098145 -0.113892 -0.100830 -0.097290 -0.101074 

0.119568 0.057587 0.063416 0.065735 0.063477 0.070251 0.062103 
0.062378 0.082458 0.100708 0.104492 0.104187 0.103760 0.061523 
0.045746 0.053009 0.063599 0.065674 0.072998 0.067017 0.039642 
0.040192 0.051544 0.060608 0.067078 0.072327 0.073853 0.047516 
0.034302 0.048889 0.060364 0.065674 0.068420 0.075439 0.046539 
0.038086 0.052765 0.062500 0.073181 0.078308 0.078674 0.055389 
0.041382 0.070251 0.070923 0.074707 0.081116 0.078369 0.068848 

-0.040161 -0.069824 -0.071228 -0.070007 -0.075928 -0.073547 -0.050507 
-0.023376 -0.062073 -0.062073 -0.060425 -0.067932 -0.068542 -0.044617 
-0.026016 -0.069275 -0.070740 -0.065369 -0.072144 -0.065002 -0.046509 
-0.027557 -0.071106 -0.074829 -0.072327 -0.073486 -0.068176 -0.049316 
-0.027802 -0.064209 -0.074707 -0.069458 -0.073669 -0.069885 -0.048676 
-0.035095 -0.064697 -0.076660 -0.074158 -0.079651 -0.074158 -0.052979 
-0.032562 -0.057892 -0.063354 -0.064880 -0.066895 -0.058319 -0.043945 

-0.014465 -0.006149 0.021271 0.024582 0.011215 0.019653 -0.013260 
0.158936 0.129395 0.175293 0.167114 0.146973 0.194946 0.151489 
0.178467 0.149658 0.198853 0.188599 0.177612 0.203857 0.154907 
0.161987 0.142700 0.187988 0.182861 0.180664 0.189575 0.142212 
0.154907 0.149536 0.190796 0.183838 0.190430 0.192749 0.155518 
0.156738 0.123169 0.174561 0.161499 0.165527 0.180664 0.142578 
0.148071 0.158569 0.199097 0.192627 0.192871 0.200073 0.153442 

0.048950 0.124207 0.128418 0.125854 0.130859 0.128052 0.091248 
0.065796 0.125244 0.136963 0.118958 0.126465 0.139282 0.100098 
0.069946 0.128662 0.144775 0.135254 0.133057 0.140747 0.111694 
0.064819 0.135010 0.145630 0.148071 0.143799 0.144043 0.109924 
0.061859 0.133057 0.140381 0.143188 0.142944 0.137695 0.121704 
0.056000 0.124512 0.142456 0.135254 0.140137 0.136353 0.113892 
0.028473 0.129272 0.159912 0.148315 0.155151 0.149414 0.095337 

-0.161255 -0.085327 -0.111694 -0.094971 -0.098267 -0.098633 -0.122986 
-0.074463 0.059082 0.020401 0.023468 0.024689 0.026672 -0.007034 
-0.094177 0.019958 -0.018631 -0.010956 -0.007385 -0.013733 -0.026779 
-0.089722 0.026703 -0.008820 0.003891 0.007568 -0.015305 -0.022095 
-0.088379 0.029724 -0.012314 0.005829 -0.004745 -0.010880 -0.030396 
-0.087341 0.051331 -0.005661 0.010223 0.002548 -0.008698 -0.024536 
-0.139526 -0.048309 -0.103760 -0.090759 -0.093079 -0.089600 -0.090088 

-0.248779 -0.272461 -0.283203 -0.274658 -0.280518 -0.283447 -0.286377 
-0.232422 -0.212402 -0.204834 -0.207886 -0.205933 -0.211548 -0.228638 
-0.242798 -0.241333 -0.238525 -0.248047 -0.233154 -0.234253 -0.243286 
-0.239258 -0.237549 -0.234863 -0.236816 -0.228760 -0.227051 -0.230835 
-0.241455 -0.241699 -0.244751 -0.238525 -0.235229 -0.236206 -0.237549 
-0.237427 -0.217285 -0.230225 -0.235474 -0.227905 -0.231567 -0.228027 
-0.244019 -0.243042 -0.244141 -0.252930 -0.243042 -0.240112 -0.253174 

-0.016327 0.021179 0.020462 0.023102 0.019806 0.021484 0.001442 
-0.025970 -0.021149 -0.019104 -0.016479 -0.026062 -0.007965 -0.038177 
-0.030960 -0.032104 -0.032196 -0.025879 -0.034241 -0.029251 -0.055756 
-0.036346 -0.033936 -0.035919 -0.034363 -0.031586 -0.036377 -0.060730 
-0.034790 -0.032379 -0.035828 -0.034729 -0.029388 -0.037170 -0.056763 
-0.028534 -0.031830 -0.038269 -0.039185 -0.038330 -0.032043 -0.047974 
0.004616 0.015778 0.018707 0.015579 0.015167 0.017075 -0.009430 

0.189575 0.058746 0.052521 0.058350 0.047668 0.056305 0.091736 
0.144043 -0.003323 -0.003788 0.012367 0.001518 -0.001978 0.026566 
0.142212 -0.004093 -0.012909 0.002453 0.012047 0.007015 0.011635 
0.151489 -0.003872 -0.019211 -0.005852 -0.001764 0.011948 0.010170 
0.151978 0.000584 -0.030655 -0.008423 -0.009918 0.011330 0.010193 
0.155640 0.009834 -0.033356 -0.006081 -0.001593 0.008049 0.013397 
0.170410 0.035858 -0.000463 0.020508 0.020264 0.022339 0.026062 

-0.082397 -0.106506 -0.095093 -0.099854 -0.097168 -0.093750 -0.069458 
-0.075989 -0.116516 -0.093323 -0.115784 -0.111694 -0.108582 -0.070862 
-0.064819 -0.116211 -0.105286 -0.125000 -0.111145 -0.110840 -0.080750 
-0.057678 -0.120117 -0.112488 -0.120239 -0.121094 -0.102722 -0.088196 
-0.053040 -0.115356 -0.111023 -0.118591 -0.121216 -0.104858 -0.082275 
-0.042664 -0.104614 -0.106140 -0.114502 -0.114319 -0.098145 -0.073975 
-0.062073 -0.113831 -0.114868 -0.117432 -0.114502 -0.112915 -0.095276 

0.029022 0.110474 0.081787 0.090637 0.092041 0.085266 0.092468 
0.050629 0.138550 0.144165 0.147705 0.152466 0.137085 0.067261 
0.048370 0.130127 0.140381 0.144287 0.137939 0.140991 0.067871 
0.033173 0.122192 0.137207 0.136963 0.131958 0.125366 0.065063 
0.032440 0.131714 0.140869 0.147949 0.139648 0.133423 0.071411 
0.010536 0.121277 0.125610 0.131348 0.125244 0.107971 0.046875 
0.018372 0.080139 0.086060 0.090454 0.083618 0.072144 0.051544 

-0.123962 -0.152954 -0.157471 -0.146484 -0.149292 -0.153442 -0.140869 
-0.066040 -0.051758 -0.047913 -0.047607 -0.046936 -0.055115 -0.013222 
-0.079041 -0.085938 -0.085327 -0.092102 -0.082214 -0.085388 -0.038452 
-0.071655 -0.093384 -0.088074 -0.093628 -0.086670 -0.083008 -0.030273 
-0.070740 -0.086426 -0.090515 -0.085327 -0.087463 -0.077087 -0.028870 
-0.056915 -0.057190 -0.076538 -0.070435 -0.072083 -0.069519 -0.018616 
-0.049622 -0.075195 -0.109253 -0.100647 -0.102783 -0.087708 -0.039246 

-0.052460 -0.174072 -0.145142 -0.157593 -0.163208 -0.157227 -0.174072 
-0.069702 -0.203125 -0.164673 -0.181274 -0.187744 -0.182251 -0.175293 
-0.076416 -0.219604 -0.187866 -0.203369 -0.194580 -0.192139 -0.180908 
-0.069763 -0.220825 -0.189819 -0.197510 -0.192017 -0.179199 -0.177734 
-0.067139 -0.216919 -0.188232 -0.193359 -0.188721 -0.180054 -0.177368 
-0.065430 -0.208862 -0.185791 -0.186890 -0.177246 -0.171997 -0.169922 
-0.034485 -0.140869 -0.121094 -0.125977 -0.115051 -0.119080 -0.123901 

0.144775 0.166992 0.140869 0.156250 0.157715 0.153320 0.151001 
0.156006 0.196045 0.169189 0.177368 0.178101 0.185059 0.208862 
0.161133 0.217529 0.208740 0.218018 0.210449 0.199951 0.196777 
0.160156 0.215332 0.203613 0.208618 0.210693 0.182617 0.201538 
0.156860 0.217773 0.208496 0.206055 0.210449 0.188354 0.193237 
0.161133 0.224609 0.216064 0.208618 0.207031 0.193359 0.216064 
0.183350 0.276367 0.249512 0.256592 0.250977 0.249146 0.260254 

-0.089722 -0.154175 -0.151611 -0.170166 -0.160645 -0.164673 -0.179077 
-0.150879 -0.192627 -0.215210 -0.217285 -0.198730 -0.215088 -0.228271 
-0.141357 -0.191895 -0.216553 -0.227661 -0.196533 -0.209351 -0.218262 
-0.133423 -0.182739 -0.193604 -0.221680 -0.215332 -0.197510 -0.198853 
-0.140259 -0.201050 -0.194580 -0.224243 -0.217529 -0.204834 -0.213867 
-0.138672 -0.196045 -0.203613 -0.224487 -0.213379 -0.208496 -0.210693 
-0.194824 -0.275879 -0.278809 -0.281982 -0.276367 -0.287109 -0.275391 

-0.150391 -0.084229 -0.079529 -0.079956 -0.078918 -0.074585 -0.047668 
-0.281494 -0.210083 -0.206055 -0.198975 -0.198242 -0.222168 -0.181396 
-0.270508 -0.201538 -0.197998 -0.198853 -0.196411 -0.211914 -0.191895 
-0.277344 -0.217041 -0.217285 -0.206787 -0.212402 -0.212646 -0.185181 
-0.273193 -0.207397 -0.218140 -0.201172 -0.209839 -0.205688 -0.187256 
-0.274170 -0.189331 -0.207275 -0.192139 -0.197144 -0.208984 -0.185913 
-0.204224 -0.139038 -0.151733 -0.140869 -0.139893 -0.149658 -0.133301 

0.014900 -0.019562 -0.010834 -0.015915 -0.015495 -0.019806 -0.015640 
0.083374 0.050659 0.056885 0.051941 0.049805 0.043152 0.060181 
0.071533 0.033356 0.033783 0.031281 0.033661 0.039215 0.060181 
0.082092 0.040924 0.049622 0.038116 0.036438 0.041321 0.063477 
0.080261 0.036926 0.048035 0.037781 0.039948 0.044006 0.060913 
0.091003 0.042511 0.051819 0.045319 0.046661 0.047455 0.064087 
0.093811 0.040588 0.035736 0.032135 0.031067 0.033508 0.061157 

0.181763 0.125977 0.114563 0.117432 0.124512 0.118347 0.130371 
0.189941 0.165771 0.132568 0.134399 0.146362 0.132812 0.187378 
0.186279 0.160645 0.140381 0.135986 0.137939 0.140869 0.190674 
0.188477 0.163696 0.149780 0.145508 0.143433 0.148315 0.190308 
0.182861 0.157471 0.144409 0.143311 0.137939 0.146484 0.183472 
0.192871 0.159302 0.137817 0.140503 0.132202 0.137939 0.178467 
0.178101 0.142700 0.116577 0.119080 0.112061 0.119324 0.159668 

0.053986 0.094177 0.119385 0.101074 0.104614 0.103027 0.126709 
-0.037231 0.023010 0.035583 0.031586 0.030930 0.016602 0.033447 
-0.035034 0.011826 0.028534 0.030106 0.032532 0.013870 0.011139 
-0.045959 0.008148 0.031738 0.027588 0.024261 0.019379 0.011932 
-0.047302 0.000565 0.030579 0.022171 0.025879 0.015945 0.008804 
-0.054016 -0.004227 0.018478 0.015884 0.019516 0.008301 0.021500 
-0.045349 0.025589 0.044189 0.043152 0.046997 0.032623 0.058441 

0.302734 0.348389 0.371338 0.365479 0.373779 0.368896 0.318604 
0.283447 0.299561 0.319824 0.312988 0.320312 0.331543 0.244019 
0.273438 0.286865 0.312256 0.308594 0.304443 0.308105 0.242188 
0.279541 0.298096 0.324707 0.322998 0.324951 0.312500 0.239868 
0.271973 0.282959 0.317627 0.309082 0.322021 0.311035 0.242554 
0.273438 0.267334 0.318604 0.308105 0.322021 0.315918 0.244873 
0.238892 0.223389 0.275391 0.258545 0.269775 0.253174 0.169678 

0.165161 0.198608 0.190186 0.200806 0.194702 0.186646 0.168945 
0.123291 0.149048 0.134521 0.149048 0.133545 0.136719 0.073853 
0.103088 0.112793 0.113831 0.118958 0.111206 0.115112 0.080078 
0.102844 0.123169 0.120850 0.127686 0.133667 0.112976 0.083008 
0.100220 0.121765 0.121094 0.124512 0.132812 0.107605 0.081970 
0.097900 0.102722 0.112793 0.114197 0.122925 0.107666 0.075195 
0.084167 0.048920 0.058411 0.059601 0.065613 0.056885 0.034973 

0.003357 0.064331 0.058228 0.062561 0.059662 0.055969 0.043793 
-0.007759 0.037903 0.045532 0.047607 0.042542 0.044098 -0.012688 
-0.014053 0.010094 0.019562 0.028198 0.019379 0.027039 -0.029053 
-0.010353 0.017578 0.027008 0.028687 0.025391 0.017609 -0.025421 
-0.014847 0.013870 0.029022 0.027313 0.026672 0.010841 -0.034485 
-0.008453 0.018005 0.032501 0.035553 0.029678 0.021179 -0.017731 
0.006035 0.063599 0.090881 0.092285 0.086304 0.079285 0.041016 

0.039795 0.052917 0.040619 0.060242 0.046509 0.048157 0.032776 
0.047607 0.078674 0.062561 0.082397 0.068726 0.075439 0.069946 
0.041016 0.060089 0.048340 0.049835 0.051086 0.044067 0.056396 
0.038696 0.062012 0.052979 0.055237 0.060944 0.040710 0.056671 
0.038574 0.056824 0.050903 0.052521 0.059509 0.041382 0.056519 
0.040771 0.053589 0.053680 0.060120 0.060455 0.050568 0.067627 
0.035522 0.098633 0.106812 0.112854 0.117371 0.104370 0.109863 

-0.203003 -0.160034 -0.160767 -0.152954 -0.169067 -0.169678 -0.210571 
-0.078918 -0.018173 -0.020401 -0.007023 -0.019882 -0.015602 -0.073608 
-0.074646 -0.020950 -0.017487 -0.013817 -0.007278 -0.017441 -0.073669 
-0.081238 -0.019333 -0.008255 -0.005989 0.001266 -0.014160 -0.068909 
-0.083069 -0.027008 -0.007538 -0.007317 0.000725 -0.008530 -0.064697 
-0.073486 -0.017593 -0.000454 0.010132 0.016541 0.015121 -0.047302 
-0.040009 0.025864 0.026291 0.035339 0.042206 0.042328 -0.010902 

-0.057861 -0.000488 0.015129 0.007294 0.017029 0.013573 0.009651 
-0.093079 -0.067749 -0.044708 -0.057465 -0.051880 -0.053650 -0.047302 
-0.070801 -0.045380 -0.026306 -0.030502 -0.026154 -0.025558 -0.033386 
-0.073303 -0.054657 -0.031158 -0.038300 -0.043518 -0.024368 -0.036621 
-0.073975 -0.059052 -0.037506 -0.037292 -0.037140 -0.022339 -0.031342 
-0.073853 -0.053162 -0.031677 -0.032074 -0.028809 -0.026703 -0.030045 
-0.067078 -0.021088 -0.005653 -0.007050 0.000000 -0.004829 -0.033325 

-0.027161 -0.008560 -0.016266 -0.009903 -0.013718 -0.009529 0.011833 
0.011620 -0.039276 -0.029877 -0.031281 -0.045532 -0.026337 -0.004707 
0.027313 -0.012001 -0.003357 0.003815 -0.015854 0.011650 0.013474 
0.030640 -0.018311 -0.023148 -0.024033 -0.030609 -0.017120 -0.002846 
0.026321 -0.003670 -0.021500 -0.019928 -0.021530 -0.013016 0.001816 
0.021698 0.000496 -0.021606 -0.025116 -0.036804 -0.021851 -0.005646 
0.023575 -0.004784 -0.010239 -0.010712 -0.020157 -0.008034 0.001053 

0.020172 0.032562 0.038330 0.025269 0.030731 0.038513 0.043701 
-0.042480 -0.002968 0.009491 0.010880 0.015289 0.000481 -0.002754 
-0.020660 0.026306 0.052521 0.047119 0.047211 0.041870 0.003204 
-0.038300 0.011780 0.044067 0.036743 0.026611 0.032227 0.006424 
-0.036987 0.010361 0.038330 0.041321 0.037964 0.042328 -0.001335 
-0.034393 0.017517 0.047516 0.049927 0.046509 0.036530 0.008354 
0.011421 0.044861 0.068359 0.068542 0.066895 0.061890 0.053101 

-0.048248 -0.036194 -0.033173 -0.047272 -0.044891 -0.041656 -0.022308 
-0.098572 -0.098083 -0.085205 -0.104980 -0.097534 -0.097534 -0.095886 
-0.092957 -0.091492 -0.085571 -0.095215 -0.084717 -0.075317 -0.077698 
-0.090881 -0.099426 -0.085999 -0.099976 -0.106201 -0.080688 -0.086975 
-0.094299 -0.098755 -0.087036 -0.094421 -0.101868 -0.078369 -0.082031 
-0.098572 -0.089294 -0.084961 -0.094727 -0.098267 -0.082520 -0.084900 
-0.132324 -0.162842 -0.161377 -0.163330 -0.166016 -0.158691 -0.146118 

-0.191772 -0.176147 -0.189209 -0.181152 -0.187744 -0.189331 -0.176025 
-0.206055 -0.176392 -0.187500 -0.177368 -0.193359 -0.196045 -0.233032 
-0.226440 -0.192993 -0.190308 -0.185181 -0.194580 -0.199097 -0.229126 
-0.226562 -0.194458 -0.197632 -0.189819 -0.183838 -0.197510 -0.236938 
-0.221558 -0.190063 -0.191040 -0.191528 -0.188110 -0.197876 -0.238647 
-0.222168 -0.185913 -0.194214 -0.188232 -0.183594 -0.189331 -0.241089 
-0.231323 -0.199463 -0.220215 -0.211548 -0.209961 -0.213623 -0.231567 

0.105713 0.102051 0.084839 0.101624 0.097900 0.094299 0.079285 
0.117798 0.138062 0.124512 0.134521 0.129761 0.125977 0.096191 
0.112488 0.134033 0.121521 0.128174 0.119812 0.124512 0.105225 
0.115479 0.142944 0.124084 0.132812 0.130249 0.129639 0.103760 
0.108643 0.141846 0.123962 0.133911 0.130371 0.124573 0.101807 
0.108521 0.143188 0.129150 0.139160 0.129883 0.128296 0.101746 
0.079468 0.104797 0.105347 0.110840 0.105530 0.108704 0.081299 

0.489746 0.380371 0.379883 0.384521 0.386719 0.375977 0.329102 
0.520020 0.404785 0.403809 0.400146 0.402344 0.413330 0.401855 
0.549805 0.437744 0.444092 0.446533 0.442627 0.437500 0.430908 
0.543945 0.432861 0.432861 0.444092 0.444092 0.417480 0.431152 
0.535156 0.429688 0.434326 0.436279 0.445312 0.420898 0.426270 
0.529785 0.418701 0.429932 0.431152 0.436279 0.420654 0.415039 
0.474121 0.312012 0.315918 0.313232 0.318359 0.314941 0.307861 

0.061859 -0.059326 -0.064209 -0.056427 -0.069946 -0.056641 -0.048615 
0.114868 -0.033875 -0.012726 0.002251 -0.021454 -0.013550 -0.000244 
0.101868 -0.046997 -0.027740 -0.019958 -0.030319 -0.021149 -0.010765 
0.099731 -0.049744 -0.037811 -0.028580 -0.027664 -0.022659 -0.012100 
0.105774 -0.033600 -0.033447 -0.024841 -0.021042 -0.018799 -0.013969 
0.104065 -0.022324 -0.031586 -0.018768 -0.016006 -0.012703 -0.003540 
0.160522 0.041260 0.024521 0.038879 0.037292 0.044922 0.050781 

0.070435 -0.055389 -0.057465 -0.048523 -0.058624 -0.049255 -0.075439 
-0.006714 -0.115234 -0.095276 -0.078369 -0.091431 -0.084900 -0.126953 
-0.003891 -0.118469 -0.092407 -0.081055 -0.085815 -0.095032 -0.133911 
-0.018433 -0.124695 -0.102112 -0.096313 -0.092163 -0.103333 -0.125366 
-0.014465 -0.121704 -0.100159 -0.090942 -0.081787 -0.094910 -0.120300 
-0.015671 -0.124329 -0.094849 -0.084167 -0.078125 -0.098511 -0.119263 
0.014503 -0.086670 -0.058289 -0.048645 -0.044800 -0.060730 -0.072510 

0.056519 -0.002224 -0.011810 -0.013840 -0.011078 -0.008377 -0.004505 
0.078247 0.013023 -0.010429 -0.020233 -0.012741 -0.010178 0.021759 
0.076904 -0.001034 -0.019379 -0.017288 -0.015335 -0.012932 0.021744 
0.086914 0.004341 -0.010910 -0.010437 -0.016205 -0.010422 0.011787 
0.085754 -0.002708 -0.013763 -0.015961 -0.023163 -0.016357 0.005409 
0.093628 0.005398 -0.003933 -0.005966 -0.010376 -0.004307 0.012726 
0.046387 -0.027390 -0.035767 -0.036713 -0.040680 -0.039368 -0.015213 

-0.244873 -0.223267 -0.223389 -0.228027 -0.233398 -0.224121 -0.219849 
-0.196655 -0.186890 -0.160400 -0.165649 -0.173706 -0.154053 -0.132568 
-0.205078 -0.196289 -0.188110 -0.189087 -0.188232 -0.171021 -0.144775 
-0.203125 -0.195679 -0.186768 -0.198730 -0.197266 -0.178467 -0.136353 
-0.201904 -0.194214 -0.179688 -0.192871 -0.193115 -0.175293 -0.136230 
-0.192627 -0.193359 -0.176025 -0.185425 -0.186768 -0.175537 -0.133423 
-0.139648 -0.118469 -0.105774 -0.106323 -0.114197 -0.109863 -0.067688 

-0.042938 0.077209 0.091675 0.065796 0.082642 0.082886 0.085327 
-0.098511 -0.016571 -0.022003 -0.035034 -0.012665 -0.026581 -0.016510 
-0.102966 -0.008377 -0.018753 -0.015640 0.001823 -0.007214 -0.013062 
-0.090698 -0.003674 -0.013641 -0.011620 -0.008972 0.001601 -0.012978 
-0.091553 -0.017059 -0.023529 -0.022736 -0.024200 -0.009575 -0.024033 
-0.095764 -0.009583 -0.031433 -0.023865 -0.019547 -0.012123 -0.028320 
-0.120422 -0.053009 -0.085999 -0.075012 -0.078918 -0.073364 -0.063782 

0.018280 0.091064 0.077454 0.094482 0.083618 0.080994 0.073792 
0.067749 0.124023 0.126465 0.145264 0.139404 0.131836 0.099854 
0.078857 0.131470 0.134155 0.147217 0.140625 0.132202 0.088074 
0.076538 0.128174 0.126953 0.136475 0.137085 0.128418 0.092896 
0.078491 0.132324 0.124817 0.145020 0.144409 0.136108 0.087769 
0.076172 0.137207 0.139038 0.159546 0.153564 0.144043 0.105347 
0.126953 0.187866 0.199585 0.213257 0.208496 0.203369 0.162842 

0.043640 0.019318 0.007427 0.017273 0.015236 0.021118 0.054047 
0.098267 0.043976 0.033722 0.026337 0.034485 0.037476 0.099854 
0.090149 0.026398 0.020523 0.016754 0.015656 0.028702 0.086182 
0.097229 0.025284 0.022934 0.018005 0.014297 0.020584 0.079651 
0.100281 0.028427 0.023117 0.019882 0.012817 0.023376 0.073730 
0.102173 0.035828 0.032898 0.026993 0.016678 0.026047 0.078491 
0.095154 0.041351 0.047638 0.045471 0.040771 0.045166 0.083313 

-0.060059 -0.095947 -0.104187 -0.096863 -0.099976 -0.109924 -0.074585 
-0.051697 -0.061798 -0.075012 -0.072632 -0.069092 -0.078979 -0.033936 
-0.046082 -0.048584 -0.066467 -0.064697 -0.065918 -0.067200 -0.020081 
-0.053406 -0.058105 -0.076599 -0.073730 -0.071411 -0.072510 -0.026398 
-0.052948 -0.049042 -0.075867 -0.067749 -0.072388 -0.071899 -0.022369 
-0.056458 -0.050323 -0.081726 -0.076111 -0.081299 -0.082092 -0.036774 
-0.072876 -0.096497 -0.119690 -0.118713 -0.118042 -0.113892 -0.063110 

0.118164 0.128906 0.122131 0.131226 0.125244 0.128662 0.113342 
0.043640 0.042542 0.028793 0.042480 0.034271 0.042267 0.040771 
0.058929 0.069336 0.063477 0.068481 0.061096 0.067261 0.046356 
0.056061 0.059296 0.053528 0.058167 0.056946 0.057587 0.047852 
0.058533 0.064575 0.054749 0.062683 0.062683 0.060730 0.042419 
0.053711 0.067505 0.060303 0.067200 0.060913 0.057922 0.040955 
0.046021 0.074951 0.078003 0.084412 0.077209 0.076965 0.063049 

-0.125488 -0.124146 -0.143921 -0.137573 -0.139648 -0.146118 -0.135132 
-0.139160 -0.117065 -0.128906 -0.112915 -0.116211 -0.132446 -0.125977 
-0.153320 -0.115906 -0.136475 -0.119446 -0.121704 -0.133301 -0.132202 
-0.155273 -0.121521 -0.135986 -0.127808 -0.130615 -0.138916 -0.127686 
-0.158447 -0.120361 -0.134277 -0.124695 -0.130493 -0.138428 -0.138916 
-0.152466 -0.119629 -0.139648 -0.123718 -0.136841 -0.146240 -0.142700 
-0.117676 -0.110718 -0.131470 -0.115234 -0.129761 -0.129395 -0.105103 

-0.054749 -0.069580 -0.088562 -0.077393 -0.075928 -0.080933 -0.062500 
-0.156982 -0.196655 -0.189575 -0.190186 -0.184082 -0.181885 -0.183105 
-0.152222 -0.175537 -0.163574 -0.173828 -0.180786 -0.168457 -0.170898 
-0.154053 -0.179932 -0.175781 -0.175537 -0.177002 -0.171021 -0.180786 
-0.152832 -0.169312 -0.173950 -0.169678 -0.179688 -0.172241 -0.175537 
-0.159424 -0.186890 -0.186768 -0.190552 -0.198242 -0.191284 -0.194580 
-0.123352 -0.128296 -0.138916 -0.135132 -0.144653 -0.137939 -0.150269 

0.160400 0.135010 0.111267 0.109253 0.107544 0.116211 0.147827 
0.040436 0.063416 0.051880 0.054443 0.053650 0.062012 0.049469 
0.013504 0.032959 0.019302 0.024353 0.019501 0.033875 0.033813 
0.012650 0.033539 0.024109 0.021820 0.018723 0.026642 0.037170 
0.015182 0.038177 0.032562 0.025452 0.018585 0.026947 0.035370 
0.019012 0.049500 0.049133 0.041504 0.029572 0.040863 0.043243 
0.079712 0.120117 0.136597 0.132080 0.123901 0.132812 0.139526 

-0.203003 -0.263428 -0.273682 -0.259521 -0.269287 -0.262695 -0.241699 
-0.202637 -0.294189 -0.267822 -0.261719 -0.283691 -0.252441 -0.252197 
-0.226562 -0.310059 -0.278320 -0.276855 -0.291992 -0.274902 -0.280518 
-0.230469 -0.301758 -0.280273 -0.278320 -0.272217 -0.277100 -0.279785 
-0.224731 -0.296387 -0.277344 -0.279785 -0.267090 -0.279541 -0.275635 
-0.228394 -0.306885 -0.282471 -0.283691 -0.270996 -0.270996 -0.265381 
-0.235229 -0.270508 -0.258301 -0.258301 -0.250000 -0.257080 -0.264893 

0.131348 0.108765 0.087891 0.106567 0.092163 0.096313 0.151489 
0.067139 0.074219 0.066589 0.086426 0.076660 0.055634 0.088379 
0.068176 0.064819 0.051727 0.058838 0.052551 0.047302 0.077148 
0.066650 0.048706 0.038086 0.048218 0.046387 0.049896 0.074524 
0.071899 0.060242 0.029678 0.060638 0.049866 0.055725 0.076233 
0.064697 0.077515 0.032898 0.063232 0.053345 0.051758 0.071228 
0.108948 0.117249 0.088623 0.100525 0.102356 0.107666 0.111206 

0.033630 -0.129883 -0.136963 -0.127319 -0.136230 -0.131714 -0.126587 
0.020111 -0.056946 -0.070312 -0.065430 -0.075745 -0.082520 -0.076172 
0.001137 -0.084961 -0.106934 -0.100342 -0.101379 -0.104370 -0.096436 
0.011032 -0.080505 -0.103516 -0.102051 -0.100586 -0.097839 -0.091370 
0.007019 -0.076294 -0.100830 -0.098999 -0.103027 -0.101013 -0.096680 
0.007534 -0.071594 -0.098083 -0.087646 -0.094299 -0.095398 -0.093872 
-0.007282 -0.101746 -0.139282 -0.126099 -0.133667 -0.127075 -0.122742 

0.032837 -0.017395 -0.025497 -0.024475 -0.033386 -0.018372 0.041840 
0.016296 -0.040741 -0.029205 -0.044464 -0.055969 -0.025208 0.004498 
-0.015518 -0.078003 -0.062012 -0.068237 -0.078674 -0.043335 -0.019638 
-0.019989 -0.073608 -0.068542 -0.059204 -0.071289 -0.041412 -0.027328 
-0.012115 -0.058167 -0.067810 -0.062256 -0.074402 -0.052338 -0.029236 
-0.006001 -0.044464 -0.058136 -0.062347 -0.074463 -0.045807 -0.036621 
0.016907 -0.059021 -0.068787 -0.074951 -0.082886 -0.057190 -0.032532 

-0.066040 -0.141235 -0.157104 -0.163696 -0.149170 -0.158569 -0.136475 
-0.089355 -0.130493 -0.140015 -0.158569 -0.138306 -0.151733 -0.111389 
-0.091919 -0.117798 -0.115051 -0.119263 -0.125000 -0.140137 -0.104614 
-0.088257 -0.120361 -0.117920 -0.115784 -0.132202 -0.134033 -0.118713 
-0.092041 -0.120789 -0.109985 -0.116760 -0.133545 -0.143799 -0.117615 
-0.090088 -0.125244 -0.119019 -0.125244 -0.143799 -0.151611 -0.133301 
-0.127441 -0.167603 -0.162842 -0.172241 -0.181763 -0.185181 -0.168945 

0.064270 0.013382 -0.014069 -0.004059 -0.014603 -0.009369 0.045410 
-0.029114 -0.051636 -0.063293 -0.050171 -0.059570 -0.051117 -0.040619 
-0.026947 -0.058716 -0.061371 -0.061218 -0.061676 -0.057800 -0.058563 
-0.033569 -0.061340 -0.057373 -0.067078 -0.065674 -0.068970 -0.062378 
-0.031708 -0.060547 -0.055603 -0.059906 -0.064514 -0.069214 -0.066528 
-0.024719 -0.055969 -0.058319 -0.061096 -0.073853 -0.074280 -0.063477 
0.052856 0.037537 0.045319 0.047363 0.039948 0.036224 0.039276 

0.048096 0.050781 0.056396 0.053772 0.054718 0.063171 0.050354 
0.039703 0.019058 0.023987 0.020569 0.015793 0.031891 0.042999 
0.039551 0.019867 0.028259 0.026169 0.020111 0.040710 0.043518 
0.043152 0.030472 0.037537 0.032715 0.028061 0.046570 0.045746 
0.046631 0.024734 0.037720 0.028046 0.029495 0.043823 0.047729 
0.049011 0.020645 0.038788 0.027527 0.026031 0.041321 0.044006 
0.037109 0.023056 0.035583 0.028366 0.027390 0.032227 0.026443 

0.123352 0.070312 0.071594 0.083740 0.086609 0.079224 0.082764 
0.053223 -0.036713 -0.018250 -0.013336 -0.022797 -0.010124 -0.042267 
0.049072 -0.020294 -0.001572 0.008835 -0.006248 -0.012764 -0.018036 
0.035248 -0.025864 -0.015404 0.005081 0.010521 -0.018967 -0.027588 
0.033081 -0.030228 -0.017029 -0.008896 0.005188 -0.022858 -0.020477 
0.023743 -0.033844 -0.004967 0.000923 0.014526 -0.001457 -0.023956 
-0.006599 -0.025818 0.025879 0.024063 0.044037 0.015869 -0.042023 

0.025848 -0.010056 0.016129 -0.012894 0.006897 0.004105 -0.031677 
-0.056213 -0.107300 -0.084961 -0.112244 -0.096252 -0.096313 -0.160889 
-0.029343 -0.084717 -0.063049 -0.081421 -0.072998 -0.071472 -0.142578 
-0.025467 -0.079285 -0.051636 -0.070557 -0.074036 -0.071411 -0.145630 
-0.032654 -0.102600 -0.055298 -0.082764 -0.076538 -0.079712 -0.145752 
-0.042786 -0.119629 -0.066284 -0.099060 -0.089844 -0.092529 -0.154053 
-0.141235 -0.243652 -0.195435 -0.224976 -0.213867 -0.214844 -0.268555 

0.340088 0.288818 0.287109 0.291260 0.287842 0.286621 0.287598 
0.297119 0.251953 0.253662 0.265381 0.262939 0.254639 0.230347 
0.292725 0.259766 0.256348 0.261963 0.264160 0.258545 0.241577 
0.292236 0.272705 0.271240 0.277832 0.278320 0.269043 0.258789 
0.293701 0.268799 0.264648 0.280273 0.278320 0.273193 0.252197 
0.285156 0.265381 0.260254 0.281006 0.280029 0.271729 0.246948 
0.324707 0.276611 0.280518 0.289551 0.291748 0.289062 0.284912 

-0.083496 -0.120972 -0.115112 -0.118286 -0.115601 -0.112793 -0.092224 
-0.140137 -0.136230 -0.135986 -0.130493 -0.132446 -0.139160 -0.092285 
-0.143433 -0.146362 -0.147705 -0.150635 -0.144287 -0.150269 -0.108643 
-0.146851 -0.144043 -0.142090 -0.143188 -0.142944 -0.145142 -0.099731 
-0.153076 -0.144775 -0.148438 -0.139648 -0.141846 -0.141479 -0.100220 
-0.144897 -0.132446 -0.138794 -0.128784 -0.132690 -0.139038 -0.097595 
-0.144897 -0.153564 -0.150879 -0.157471 -0.152100 -0.151367 -0.125122 

0.126587 0.039917 0.035950 0.036011 0.034668 0.040100 0.056091 
0.147583 0.075928 0.085022 0.084229 0.082214 0.084473 0.109009 
0.145142 0.065918 0.069519 0.069885 0.075989 0.074951 0.084167 
0.153320 0.072571 0.072937 0.074158 0.075073 0.086243 0.096802 
0.151855 0.069275 0.065613 0.068420 0.070007 0.085571 0.092285 
0.161255 0.082581 0.076843 0.082153 0.085388 0.096619 0.104614 
0.166626 0.099976 0.083679 0.087036 0.091553 0.097473 0.113831 

-0.203979 -0.241333 -0.230469 -0.233398 -0.232544 -0.239502 -0.268066 
-0.149414 -0.194214 -0.182007 -0.175903 -0.186157 -0.185669 -0.233154 
-0.173096 -0.208496 -0.192627 -0.177856 -0.188110 -0.195679 -0.238281 
-0.169800 -0.203247 -0.191650 -0.180420 -0.178223 -0.186279 -0.234619 
-0.172363 -0.205078 -0.188232 -0.182983 -0.179443 -0.189819 -0.235107 
-0.189209 -0.224609 -0.204224 -0.195923 -0.191772 -0.199951 -0.250244 
-0.202637 -0.221558 -0.215942 -0.210938 -0.214233 -0.225952 -0.251221 

0.170166 0.143433 0.150391 0.133911 0.152344 0.147217 0.169800 
0.094299 0.096985 0.080750 0.066345 0.081116 0.075439 0.145996 
0.110535 0.125000 0.112976 0.104675 0.105957 0.096558 0.170898 
0.109924 0.119873 0.115112 0.100952 0.100342 0.096680 0.174805 
0.108704 0.109619 0.114868 0.099365 0.105713 0.098633 0.176636 
0.112793 0.118774 0.131592 0.111938 0.120117 0.108521 0.179688 
0.099731 0.090027 0.104858 0.089905 0.097107 0.085388 0.119141 

0.175293 0.201416 0.193604 0.183960 0.191650 0.189331 0.200684 
0.110901 0.136963 0.153564 0.136230 0.149536 0.144531 0.159546 
0.120178 0.146484 0.163086 0.146484 0.144287 0.159302 0.171387 
0.111938 0.124695 0.147583 0.130493 0.120544 0.147095 0.161987 
0.111877 0.130371 0.155029 0.139404 0.130127 0.150024 0.167603 
0.104614 0.123718 0.150024 0.130371 0.124023 0.134888 0.158813 
0.099365 0.115479 0.130249 0.122070 0.116760 0.128418 0.141113 

0.143433 0.059753 0.042358 0.054688 0.050415 0.050293 0.081726 
0.159912 0.087219 0.070618 0.077515 0.082214 0.071655 0.126465 
0.168335 0.109741 0.099731 0.103760 0.105896 0.099915 0.143677 
0.160156 0.103577 0.096252 0.095642 0.097412 0.092529 0.134766 
0.159912 0.103577 0.093323 0.096497 0.093811 0.095337 0.136597 
0.154907 0.101135 0.085266 0.089417 0.085632 0.087219 0.132935 
0.140503 0.092896 0.066711 0.077026 0.071533 0.078613 0.124023 

0.016724 -0.005791 -0.012276 -0.016418 -0.010529 -0.006203 0.043732 
0.004776 -0.014877 -0.021378 -0.039642 -0.017944 -0.024139 0.032043 
-0.002892 -0.008743 -0.012184 -0.019989 -0.012657 -0.007408 0.032440 
-0.000397 -0.003380 0.000443 -0.008934 -0.012947 -0.001915 0.040680 
-0.002403 -0.017883 -0.004257 -0.012321 -0.015434 0.000412 0.039062 
-0.008568 -0.022217 -0.008553 -0.018127 -0.018433 -0.010475 0.023209 
-0.031738 -0.083008 -0.071533 -0.081238 -0.081604 -0.079773 -0.018814 

-0.043457 -0.068481 -0.079041 -0.078918 -0.076050 -0.078430 -0.075134 
-0.000977 -0.024857 -0.046814 -0.044037 -0.034180 -0.039795 -0.034912 
-0.003998 -0.026947 -0.044220 -0.035522 -0.038483 -0.043823 -0.035370 
0.000946 -0.036224 -0.043152 -0.043335 -0.047791 -0.048584 -0.041046 
-0.000610 -0.047363 -0.045349 -0.049835 -0.048401 -0.048676 -0.043945 
0.015228 -0.040833 -0.036652 -0.040833 -0.043488 -0.039581 -0.033386 
0.010437 -0.031647 -0.022110 -0.021042 -0.025757 -0.024887 -0.026062 

-0.193359 -0.226440 -0.232788 -0.232300 -0.231567 -0.227295 -0.244263 
-0.123779 -0.161133 -0.160645 -0.171997 -0.166992 -0.162842 -0.194336 
-0.115845 -0.156250 -0.163818 -0.172363 -0.170410 -0.160645 -0.188721 
-0.113037 -0.158447 -0.161987 -0.171143 -0.173340 -0.160156 -0.194580 
-0.109131 -0.156250 -0.157959 -0.168701 -0.174316 -0.169434 -0.193237 
-0.114319 -0.167114 -0.161133 -0.171021 -0.177734 -0.176147 -0.200439 
-0.157715 -0.216919 -0.199585 -0.201782 -0.204712 -0.211304 -0.246216 

0.140015 0.091675 0.109863 0.106018 0.109619 0.103271 0.078308 
0.063660 -0.016968 -0.016098 -0.012909 -0.016342 -0.013321 -0.030685 
0.075439 -0.005447 -0.004395 -0.005127 -0.000488 -0.004349 -0.013596 
0.074341 -0.002350 0.001541 -0.005188 0.002823 -0.007889 -0.018326 
0.072876 -0.013489 -0.002853 -0.013687 0.000336 -0.009232 -0.012070 
0.079712 -0.024414 -0.003128 -0.011566 0.000854 0.001175 -0.006958 
0.048584 -0.026749 -0.005051 -0.009247 -0.000641 -0.009323 -0.015656 

0.349365 0.216187 0.205322 0.202026 0.203735 0.210205 0.262451 
0.313721 0.161621 0.142090 0.146851 0.150635 0.138794 0.226562 
0.304199 0.151123 0.126709 0.133423 0.135498 0.145264 0.233643 
0.308594 0.144287 0.116577 0.126953 0.129150 0.145630 0.223755 
0.312500 0.155640 0.115845 0.132080 0.121460 0.148804 0.218994 
0.308105 0.178223 0.125732 0.148193 0.136719 0.148193 0.218872 
0.326172 0.233643 0.205566 0.221191 0.210815 0.220459 0.270996 

0.008797 -0.049377 -0.081177 -0.062439 -0.068726 -0.058624 -0.056610 
-0.049530 -0.098816 -0.114197 -0.100586 -0.105164 -0.117859 -0.157837 
-0.081848 -0.112976 -0.141968 -0.139282 -0.142090 -0.140991 -0.161987 
-0.075317 -0.114014 -0.153931 -0.135010 -0.142578 -0.137085 -0.161621 
-0.063477 -0.091675 -0.141479 -0.128174 -0.149902 -0.130249 -0.160278 
-0.068176 -0.077087 -0.118530 -0.114929 -0.138428 -0.135498 -0.167358 
-0.032776 -0.114624 -0.129395 -0.125366 -0.144287 -0.132568 -0.137451 

-0.105530 0.032928 0.032654 0.032837 0.033905 0.029907 0.000595 
-0.107117 0.001637 0.013878 -0.004604 -0.008209 0.006577 -0.062744 
-0.098083 0.005413 0.026764 0.015289 -0.001549 0.022522 -0.034790 
-0.110291 -0.001953 0.014832 0.004436 0.001205 0.002945 -0.051392 
-0.106873 0.009766 0.027710 0.011787 0.011536 0.003525 -0.043823 
-0.110535 -0.014084 0.017944 -0.010330 -0.014282 -0.016205 -0.063110 
-0.115051 -0.068481 -0.024796 -0.045532 -0.049042 -0.051025 -0.072388 

-0.237793 -0.204590 -0.209961 -0.205688 -0.210693 -0.207031 -0.216309 
-0.119080 -0.107788 -0.104980 -0.098450 -0.103516 -0.101074 -0.098694 
-0.105774 -0.091858 -0.089172 -0.085083 -0.084778 -0.086426 -0.100281 
-0.100220 -0.094177 -0.089905 -0.093384 -0.087830 -0.091675 -0.098328 
-0.097534 -0.093750 -0.088501 -0.093994 -0.084167 -0.087952 -0.099670 
-0.087036 -0.086060 -0.088196 -0.086182 -0.080078 -0.084534 -0.089111 
-0.072083 -0.060333 -0.056610 -0.055511 -0.052338 -0.050812 -0.053925 

-0.016724 0.005371 0.017288 0.017792 0.020691 0.017029 0.007736 
0.035706 0.049561 0.064453 0.049255 0.054657 0.054291 0.054565 
0.016129 0.023102 0.033722 0.024765 0.027954 0.030991 0.038910 
0.023987 0.035767 0.034454 0.044250 0.045837 0.051880 0.039673 
0.022079 0.038879 0.027802 0.039551 0.035217 0.044189 0.044617 
0.010445 0.039612 0.032043 0.035736 0.040161 0.043610 0.042358 
-0.041931 0.010239 0.011086 0.003265 0.016693 0.022247 -0.000359 

-0.033691 0.039795 0.026886 0.030182 0.024445 0.030411 0.070618 
0.027252 0.078491 0.080383 0.081543 0.080872 0.101074 0.119141 
0.032288 0.073853 0.081421 0.078735 0.078918 0.097778 0.105286 
0.028381 0.069031 0.077881 0.068848 0.062500 0.090088 0.109375 
0.027100 0.074524 0.073853 0.070190 0.066772 0.085144 0.105408 
0.029053 0.085876 0.081360 0.068298 0.065796 0.085632 0.106934 
0.069275 0.140259 0.132935 0.125244 0.121948 0.140259 0.155396 

0.042725 0.023834 -0.004936 0.011673 0.006203 -0.007401 -0.022842 
0.020828 0.060242 0.025482 0.048676 0.038452 0.032349 0.004326 
0.005791 0.042908 0.018280 0.037140 0.035980 0.014557 -0.012177 
-0.002853 0.037140 0.016830 0.034363 0.030273 0.004707 -0.010101 
-0.010132 0.026367 0.016068 0.025543 0.024628 -0.006485 -0.030014 
-0.001785 0.011795 -0.004234 0.013527 0.004959 -0.008507 -0.023880 
-0.025772 -0.027267 -0.050354 -0.027878 -0.039856 -0.048828 -0.046326 

0.145386 0.154541 0.141479 0.141479 0.145020 0.144531 0.165527 
0.099670 0.114502 0.099609 0.087524 0.097290 0.089355 0.126099 
0.095886 0.106445 0.092712 0.084473 0.088074 0.095154 0.144043 
0.101379 0.101196 0.087891 0.086548 0.080505 0.101257 0.145142 
0.108276 0.109863 0.088806 0.086548 0.075989 0.095154 0.140259 
0.109436 0.116150 0.093018 0.089355 0.081543 0.094727 0.134277 
0.092896 0.100281 0.090393 0.093628 0.088196 0.094177 0.125977 

-0.103333 -0.081360 -0.080078 -0.072632 -0.074158 -0.076294 -0.062622 
-0.160156 -0.108765 -0.123779 -0.111633 -0.121521 -0.118896 -0.125610 
-0.180664 -0.133789 -0.156494 -0.149414 -0.158691 -0.156616 -0.149414 
-0.175903 -0.119995 -0.148071 -0.141357 -0.141602 -0.144409 -0.135010 
-0.171875 -0.110901 -0.140259 -0.143555 -0.147095 -0.147705 -0.142578 
-0.166748 -0.099548 -0.125854 -0.128296 -0.136230 -0.132935 -0.139282 
-0.142700 -0.082397 -0.099854 -0.101868 -0.109558 -0.108765 -0.110596 

-0.018188 0.036133 0.067627 0.056091 0.056305 0.052368 -0.000446 
-0.058716 -0.018311 -0.002457 0.001205 -0.006493 -0.006554 -0.085449 
-0.060730 -0.010712 -0.005146 -0.000790 0.003334 -0.009087 -0.074585 
-0.058960 -0.006859 0.000273 0.001818 0.010643 -0.010849 -0.075195 
-0.053955 -0.014587 0.004761 -0.002783 0.010117 -0.003456 -0.058746 
-0.071533 -0.028625 0.005920 0.001434 0.018097 0.004932 -0.054108 
-0.092957 -0.052704 -0.022949 -0.032562 -0.017365 -0.021851 -0.069031 

-0.097839 -0.139160 -0.135986 -0.134521 -0.135742 -0.135254 -0.144897 
-0.067566 -0.059631 -0.067749 -0.068970 -0.065796 -0.065063 -0.076904 
-0.076416 -0.087646 -0.097900 -0.095581 -0.090698 -0.092590 -0.104187 
-0.073914 -0.079407 -0.089294 -0.088684 -0.087952 -0.090454 -0.093201 
-0.075317 -0.080627 -0.086487 -0.086121 -0.087280 -0.090698 -0.099976 
-0.069397 -0.076416 -0.084229 -0.083313 -0.088440 -0.089355 -0.096436 
-0.082336 -0.099426 -0.119019 -0.116943 -0.122498 -0.114014 -0.102295 

0.101013 0.122437 0.137939 0.135254 0.128784 0.132324 0.126099 
0.063354 0.072815 0.065796 0.085144 0.079041 0.050415 0.068359 
0.050110 0.048187 0.027069 0.041565 0.054260 0.024872 0.056030 
0.055908 0.054840 0.035217 0.046051 0.054657 0.039856 0.071899 
0.062256 0.062134 0.032776 0.048676 0.047485 0.042175 0.065735 
0.043060 0.059021 0.030762 0.057678 0.063660 0.044189 0.065491 
0.037170 0.047058 0.023193 0.037659 0.046051 0.038940 0.072510 

0.118713 0.091064 0.094788 0.098633 0.093323 0.096680 0.110962 
0.031830 0.002113 -0.007492 0.006531 0.002846 -0.013565 -0.016357 
0.016113 -0.009102 -0.013725 -0.011627 -0.012062 -0.020691 -0.016174 
0.006195 -0.027252 -0.038971 -0.017670 -0.017258 -0.015961 -0.016327 
0.007835 -0.018738 -0.039398 -0.016357 -0.021942 -0.021698 -0.026276 
0.024124 -0.002075 -0.030090 -0.010139 -0.013931 -0.009552 -0.017731 
-0.008484 -0.051819 -0.075378 -0.071289 -0.068298 -0.063782 -0.058472 

0.021896 -0.017502 -0.000819 0.000813 -0.007729 -0.008522 -0.048340 
0.027847 -0.030945 -0.037506 -0.009720 -0.028198 -0.028534 -0.055359 
0.031006 -0.030609 -0.042816 -0.017227 -0.012398 -0.033173 -0.062805 
0.030502 -0.021072 -0.037201 -0.020081 -0.011101 -0.027710 -0.044525 
0.032440 -0.014229 -0.034424 -0.023621 -0.012093 -0.020798 -0.046234 
0.032623 -0.002354 -0.029724 -0.009766 0.004929 -0.005329 -0.028061 
0.020233 0.005623 -0.021912 -0.011169 0.001872 0.001370 -0.027573 

0.056030 0.019363 0.012039 0.007767 0.011841 0.012741 0.006256 
0.040344 -0.011536 -0.022705 -0.035217 -0.019745 -0.013062 -0.036499 
0.047791 0.011093 0.001923 -0.003845 0.001831 -0.005707 -0.014252 
0.055054 0.018143 0.010513 -0.002167 0.000000 -0.007233 -0.022858 
0.050354 0.001099 0.013443 -0.007812 -0.005157 -0.008789 -0.024963 
0.046692 -0.021515 -0.001923 -0.017883 -0.018250 -0.017426 -0.034424 
0.030121 -0.038055 -0.018951 -0.025543 -0.031372 -0.040863 -0.044861 

-0.138184 0.005253 0.004192 0.010956 0.004227 0.014633 0.007576 
-0.134155 0.037872 0.041412 0.047882 0.037903 0.054077 0.013275 
-0.139160 0.017166 0.021210 0.026520 0.026230 0.029587 -0.020294 
-0.139404 0.027618 0.024918 0.033936 0.035461 0.039978 -0.008957 
-0.135132 0.036163 0.023026 0.034485 0.035706 0.041748 -0.011078 
-0.130493 0.059692 0.041748 0.052673 0.054413 0.060425 0.012924 
-0.116028 0.104675 0.097168 0.095947 0.101868 0.099976 0.054443 

0.017212 0.055603 0.062012 0.063660 0.070374 0.067444 0.031799 
0.105042 0.141724 0.124451 0.130615 0.145142 0.128662 0.140869 
0.107239 0.156982 0.139282 0.147949 0.160156 0.138062 0.131470 
0.105408 0.148804 0.143066 0.142822 0.149048 0.138062 0.142700 
0.102478 0.138062 0.148071 0.140991 0.148315 0.142700 0.135620 
0.110229 0.136841 0.147827 0.150146 0.154785 0.145996 0.146606 
0.111572 0.129272 0.107300 0.121765 0.121277 0.106201 0.111877 

-0.070312 0.021973 -0.001899 0.003080 0.006817 0.004272 0.027451 
-0.059998 0.092468 0.068787 0.082886 0.083801 0.081482 0.056183 
-0.063354 0.094727 0.063354 0.078613 0.078857 0.068665 0.044128 
-0.060852 0.095154 0.068237 0.071899 0.077332 0.063904 0.047272 
-0.060669 0.089172 0.072632 0.073608 0.076660 0.067810 0.045227 
-0.050873 0.086121 0.078125 0.084412 0.079285 0.073364 0.045349 
-0.054443 0.046387 0.030365 0.038940 0.027802 0.022827 0.031464 

-0.252197 -0.206787 -0.229370 -0.223145 -0.218750 -0.222168 -0.220825 
-0.201782 -0.169922 -0.204712 -0.206543 -0.197388 -0.200073 -0.194214 
-0.198486 -0.155884 -0.178955 -0.173828 -0.181030 -0.179443 -0.171753 
-0.196167 -0.164673 -0.186157 -0.185547 -0.190430 -0.194336 -0.185669 
-0.199951 -0.174316 -0.187012 -0.189087 -0.191406 -0.197144 -0.192017 
-0.189697 -0.168823 -0.181152 -0.182373 -0.191528 -0.193970 -0.186523 
-0.201782 -0.162354 -0.160889 -0.155884 -0.167114 -0.172485 -0.175781 

0.024048 -0.040527 -0.046997 -0.045502 -0.041473 -0.050537 -0.024353 
0.125488 0.044678 0.065247 0.037811 0.050232 0.039703 0.108765 
0.104309 0.025467 0.038879 0.023880 0.010925 0.023376 0.118652 
0.110107 0.032593 0.041382 0.029022 0.021881 0.024139 0.098389 
0.106689 0.051392 0.053650 0.037109 0.022186 0.016327 0.099854 
0.105103 0.046570 0.058289 0.037781 0.018051 0.016785 0.098511 
0.080811 0.039215 0.057983 0.047424 0.037781 0.042603 0.093811 

-0.246338 -0.277344 -0.253906 -0.276367 -0.260498 -0.255127 -0.275391 
-0.373779 -0.390869 -0.346191 -0.371338 -0.349854 -0.354248 -0.357666 
-0.382812 -0.395264 -0.358643 -0.377686 -0.366455 -0.367676 -0.367188 
-0.392822 -0.403076 -0.360840 -0.374268 -0.376221 -0.364258 -0.364258 
-0.392090 -0.401611 -0.360107 -0.372559 -0.373779 -0.363037 -0.356201 
-0.409424 -0.407471 -0.365479 -0.382568 -0.378174 -0.378906 -0.371826 
-0.385254 -0.387939 -0.352295 -0.368408 -0.362549 -0.365967 -0.357422 

0.096497 0.062866 0.063660 0.067200 0.061768 0.070496 0.073547 
0.101196 0.037781 0.047302 0.049774 0.036194 0.045532 0.052185 
0.106934 0.050171 0.056580 0.057037 0.048767 0.062561 0.058929 
0.109314 0.048279 0.051056 0.049438 0.043152 0.054108 0.050995 
0.108887 0.053497 0.050171 0.054993 0.050598 0.057617 0.051361 
0.105896 0.054352 0.047424 0.052124 0.047913 0.053406 0.052429 
0.109131 0.060272 0.064880 0.067566 0.063477 0.064087 0.058350 

0.248413 0.371582 0.345947 0.351562 0.349121 0.349365 0.370850 
0.257812 0.368408 0.353027 0.346924 0.349609 0.347412 0.375000 
0.253174 0.353027 0.351074 0.346191 0.337402 0.343750 0.363281 
0.247681 0.346680 0.352783 0.343994 0.328613 0.338867 0.360107 
0.246216 0.347656 0.354980 0.353027 0.334961 0.340820 0.352295 
0.252686 0.347656 0.353027 0.356445 0.331787 0.334473 0.355225 
0.319336 0.425293 0.435303 0.447754 0.424805 0.425537 0.432129 

0.029739 0.100891 0.086182 0.101196 0.096741 0.094910 0.103210 
0.163452 0.229492 0.201904 0.205811 0.218018 0.186646 0.223755 
0.142334 0.215088 0.180176 0.186279 0.190918 0.187012 0.229614 
0.157959 0.216309 0.185059 0.193604 0.190430 0.202637 0.222534 
0.161865 0.221191 0.187256 0.201172 0.179443 0.202148 0.218994 
0.153809 0.226929 0.185547 0.199463 0.181274 0.193359 0.207153 
0.128540 0.189819 0.155884 0.173096 0.154175 0.164185 0.201294 

0.093201 0.071167 0.045166 0.072754 0.054810 0.059204 0.058868 
0.146240 0.112427 0.102295 0.122925 0.103455 0.112244 0.091187 
0.151367 0.120789 0.104370 0.115784 0.106201 0.114014 0.114685 
0.151611 0.113159 0.095337 0.105469 0.115723 0.098877 0.107666 
0.155518 0.118042 0.099243 0.108887 0.112427 0.104553 0.111877 
0.151489 0.101440 0.086731 0.098938 0.095825 0.098145 0.095947 
0.145752 0.060638 0.031555 0.049133 0.037323 0.050964 0.060181 

0.008957 0.120361 0.140991 0.126221 0.133789 0.131592 0.121399 
0.016907 0.124146 0.106567 0.108276 0.107849 0.110046 0.087402 
0.021820 0.153564 0.130249 0.140137 0.131958 0.124634 0.123047 
0.023804 0.158569 0.130493 0.143433 0.141235 0.130493 0.112183 
0.022552 0.155518 0.131958 0.136963 0.134033 0.135132 0.118652 
0.021759 0.144043 0.123535 0.131958 0.130371 0.138062 0.111450 
-0.008911 0.094788 0.067444 0.073853 0.070007 0.078308 0.089111 

0.125732 0.103149 0.102051 0.109985 0.101257 0.104065 0.132935 
0.041748 0.032013 0.032257 0.044891 0.033173 0.025787 0.045532 
0.032867 0.013336 0.009384 0.022339 0.019806 0.011368 0.029694 
0.037323 0.010681 0.002121 0.019913 0.022644 0.019501 0.035706 
0.038940 0.017212 -0.004013 0.021347 0.016571 0.017609 0.030319 
0.039062 0.032135 -0.005222 0.022675 0.021347 0.021866 0.031982 
0.048157 0.022644 -0.002386 0.008270 0.011444 0.015167 0.031464 

-0.062805 -0.113403 -0.122437 -0.107727 -0.122375 -0.113098 -0.104065 
0.000702 -0.072632 -0.082092 -0.066467 -0.085083 -0.070312 -0.080139 
0.002609 -0.078857 -0.092773 -0.078979 -0.087952 -0.066162 -0.078369 
0.000153 -0.084717 -0.098145 -0.097534 -0.094360 -0.077209 -0.082153 
0.004372 -0.080566 -0.092163 -0.091919 -0.089417 -0.068787 -0.078857 
-0.002129 -0.084717 -0.087036 -0.080322 -0.083862 -0.066833 -0.077209 
-0.005600 -0.091064 -0.095215 -0.079529 -0.095337 -0.079041 -0.078125 

-0.054688 -0.154907 -0.168335 -0.168701 -0.165283 -0.163574 -0.105835 
-0.058075 -0.130005 -0.120972 -0.126953 -0.126587 -0.117126 -0.079224 
-0.065552 -0.158936 -0.150024 -0.156860 -0.151367 -0.145874 -0.094177 
-0.065857 -0.149658 -0.142822 -0.152222 -0.150146 -0.141724 -0.087036 
-0.068420 -0.154663 -0.144653 -0.154419 -0.153564 -0.144897 -0.082642 
-0.070435 -0.158691 -0.140381 -0.150757 -0.150513 -0.142578 -0.087158 
-0.034729 -0.124634 -0.103027 -0.114624 -0.110291 -0.114258 -0.079163 

-0.277100 -0.383301 -0.351074 -0.376221 -0.366455 -0.360596 -0.359619 
-0.307617 -0.386475 -0.363037 -0.384766 -0.368896 -0.367920 -0.378418 
-0.317383 -0.393311 -0.371582 -0.385254 -0.381348 -0.376709 -0.372559 
-0.302490 -0.388184 -0.364746 -0.369141 -0.372559 -0.354980 -0.370850 
-0.299561 -0.397705 -0.363281 -0.372559 -0.376465 -0.359375 -0.364502 
-0.293213 -0.403076 -0.368652 -0.377930 -0.372070 -0.358398 -0.367432 
-0.269531 -0.370850 -0.364746 -0.379639 -0.371338 -0.356689 -0.340088 

-0.219238 -0.238159 -0.223999 -0.223755 -0.224243 -0.225586 -0.198486 
-0.269775 -0.259766 -0.261719 -0.253662 -0.249268 -0.256104 -0.240967 
-0.275635 -0.268311 -0.280518 -0.284912 -0.273438 -0.272461 -0.264160 
-0.271240 -0.265137 -0.274902 -0.276611 -0.267334 -0.267822 -0.249023 
-0.274658 -0.266113 -0.278076 -0.275391 -0.274658 -0.266846 -0.258057 
-0.270020 -0.251465 -0.278320 -0.271973 -0.269531 -0.266113 -0.253662 
-0.243652 -0.235107 -0.259521 -0.256592 -0.253906 -0.250977 -0.227905 

-0.017471 -0.010841 -0.005020 -0.006416 -0.005219 -0.004097 0.005409 
-0.027466 -0.005234 -0.020340 -0.011505 -0.009735 -0.008492 0.011932 
-0.022934 0.002281 -0.011581 -0.006401 -0.005791 -0.010757 0.011673 
-0.021530 0.003860 -0.015503 -0.004417 -0.002129 -0.004211 0.010986 
-0.017914 0.005020 -0.015808 -0.006302 -0.007500 -0.003128 0.020264 
-0.026779 -0.007996 -0.019424 -0.010094 -0.009239 -0.006088 0.008423 
-0.033752 0.001221 -0.001274 -0.001793 0.001945 -0.004463 -0.004181 

-0.013786 0.082642 0.069580 0.077148 0.075806 0.075195 0.072998 
-0.035614 0.130615 0.124878 0.128052 0.119812 0.114258 0.055420 
-0.054504 0.106873 0.092712 0.096680 0.089417 0.094482 0.035522 
-0.056702 0.120361 0.103455 0.106079 0.097595 0.103027 0.039978 
-0.067383 0.129517 0.102783 0.109253 0.099548 0.098938 0.039429 
-0.076233 0.133301 0.107788 0.111389 0.098755 0.099121 0.046692 
-0.108704 0.064941 0.062866 0.057739 0.055359 0.060913 0.012749 

0.323975 0.291748 0.291016 0.292480 0.284424 0.296631 0.319580 
0.343506 0.310059 0.327393 0.328613 0.327881 0.327148 0.320801 
0.327881 0.294189 0.312500 0.316162 0.309814 0.321533 0.316406 
0.321289 0.294678 0.309814 0.314209 0.313232 0.318604 0.313965 
0.322754 0.301025 0.309082 0.321777 0.316162 0.321533 0.316406 
0.295166 0.284668 0.294922 0.305420 0.302002 0.300537 0.300293 
0.328369 0.268066 0.277588 0.283936 0.283203 0.281738 0.275879 

-0.093079 -0.177124 -0.155273 -0.178345 -0.173218 -0.166504 -0.156494 
-0.102600 -0.121582 -0.108276 -0.125854 -0.108765 -0.119995 -0.057129 
-0.093933 -0.118713 -0.101013 -0.120422 -0.108398 -0.115295 -0.062500 
-0.102356 -0.136353 -0.108093 -0.123779 -0.123962 -0.116089 -0.054291 
-0.103027 -0.143921 -0.114624 -0.126099 -0.122131 -0.110474 -0.054810 
-0.108826 -0.142944 -0.119263 -0.131836 -0.123718 -0.127441 -0.059814 
-0.085266 -0.133179 -0.139160 -0.146973 -0.136963 -0.136353 -0.072876 

-0.064209 -0.126953 -0.154663 -0.127441 -0.147827 -0.141846 -0.136108 
-0.027893 -0.065247 -0.073303 -0.049988 -0.070923 -0.061584 -0.074524 
-0.040802 -0.072998 -0.066101 -0.065918 -0.075623 -0.069824 -0.080933 
-0.047546 -0.078186 -0.074951 -0.077209 -0.071899 -0.075134 -0.079895 
-0.047241 -0.073608 -0.079041 -0.068054 -0.066650 -0.067078 -0.081421 
-0.046600 -0.076050 -0.084167 -0.069458 -0.073792 -0.072510 -0.083252 
-0.005875 -0.036896 -0.048981 -0.039856 -0.045685 -0.046112 -0.043701 

-0.013870 0.019028 0.018555 0.015350 0.023315 0.026154 0.056946 
-0.024979 0.022736 0.008293 -0.002144 0.009056 0.010223 0.085571 
-0.013031 0.041229 0.026550 0.022659 0.026398 0.030563 0.096375 
-0.013840 0.041229 0.025360 0.021240 0.013718 0.024567 0.090820 
-0.015335 0.041779 0.023346 0.022003 0.015503 0.027710 0.091736 
-0.006927 0.059906 0.039642 0.026825 0.019455 0.027679 0.093933 
0.001625 0.067932 0.059509 0.048187 0.041077 0.050018 0.104309 

0.165527 0.238525 0.243164 0.241699 0.251709 0.237427 0.260010 
0.116638 0.193481 0.187256 0.179199 0.189941 0.188354 0.248291 
0.123596 0.197021 0.204224 0.199707 0.195312 0.184326 0.235352 
0.121338 0.191528 0.190674 0.202637 0.203369 0.183838 0.238037 
0.120117 0.194824 0.194458 0.196655 0.202393 0.184814 0.237061 
0.128784 0.197510 0.204712 0.200317 0.206665 0.197388 0.246460 
0.166138 0.264648 0.292480 0.278076 0.288818 0.272949 0.292725 

-0.132935 -0.078796 -0.084534 -0.083862 -0.094604 -0.082275 -0.117981 
-0.120117 -0.094177 -0.091309 -0.091614 -0.105835 -0.081421 -0.149536 
-0.121887 -0.101929 -0.099548 -0.106018 -0.101379 -0.085938 -0.130371 
-0.120239 -0.094299 -0.095520 -0.096191 -0.089478 -0.089844 -0.130981 
-0.114258 -0.100098 -0.099060 -0.099365 -0.096375 -0.088379 -0.126221 
-0.126709 -0.120117 -0.110901 -0.105835 -0.102112 -0.087280 -0.140015 
-0.146973 -0.141235 -0.130493 -0.128906 -0.127563 -0.122437 -0.139771 

0.160034 0.132812 0.128174 0.122375 0.120178 0.121948 0.105286 
0.143311 0.094238 0.106079 0.092834 0.091980 0.099670 0.083557 
0.143921 0.092651 0.101990 0.092041 0.091797 0.104004 0.092651 
0.145752 0.089844 0.098877 0.086182 0.084717 0.100220 0.086182 
0.148315 0.089966 0.099365 0.085938 0.086792 0.097290 0.086670 
0.149780 0.089294 0.104614 0.094360 0.094727 0.102661 0.083862 
0.142822 0.076721 0.100769 0.090576 0.092102 0.091553 0.088745 

0.183716 0.146973 0.163330 0.154785 0.155884 0.161377 0.140259 
0.165283 0.136230 0.152344 0.154053 0.153320 0.145386 0.100220 
0.153320 0.112183 0.134155 0.132202 0.136719 0.128906 0.100403 
0.163330 0.130493 0.149902 0.153198 0.158569 0.152832 0.106812 
0.163086 0.124695 0.141602 0.148682 0.153687 0.150391 0.105774 
0.160400 0.125977 0.140015 0.152710 0.163574 0.159180 0.118408 
0.166626 0.132812 0.157715 0.161865 0.170654 0.159668 0.124817 

-0.031738 0.120728 0.110046 0.120667 0.112366 0.112976 0.122803 
0.059875 0.223389 0.224243 0.226807 0.225220 0.208740 0.219604 
0.053497 0.204590 0.200317 0.197632 0.202759 0.199951 0.199707 
0.058105 0.201904 0.198486 0.199219 0.196899 0.214844 0.208740 
0.060638 0.211060 0.195435 0.203857 0.199219 0.212646 0.204834 
0.059204 0.232910 0.206543 0.218262 0.214111 0.218750 0.215454 
0.081909 0.252930 0.226074 0.230469 0.230835 0.237061 0.220581 

0.115906 0.080383 0.078064 0.088257 0.085510 0.084106 0.077576 
0.052795 0.023865 0.015106 0.032593 0.022202 0.014961 0.009537 
0.052582 0.015022 0.005314 0.028076 0.020081 0.009369 0.001213 
0.059021 0.024933 0.006939 0.018951 0.016785 0.009117 0.007538 
0.057068 0.027069 0.004353 0.018188 0.016769 0.011566 0.000554 
0.065918 0.046509 0.016617 0.034210 0.031494 0.024582 0.022156 
0.086060 0.068970 0.041077 0.057648 0.051727 0.053345 0.028641 

-0.151367 -0.012238 -0.038544 -0.022415 -0.022217 -0.025803 -0.000845 
-0.169556 -0.004570 -0.033691 -0.017426 -0.016983 -0.024887 -0.020920 
-0.181641 -0.025665 -0.059631 -0.041748 -0.051819 -0.052734 -0.041779 
-0.180542 -0.031952 -0.061768 -0.053528 -0.051636 -0.061310 -0.047150 
-0.175903 -0.019684 -0.049866 -0.044922 -0.049194 -0.052765 -0.050323 
-0.174316 -0.004555 -0.039368 -0.030960 -0.039703 -0.043213 -0.042725 
-0.115417 0.067078 0.022842 0.041504 0.025192 0.025177 0.036194 

-0.196777 -0.221069 -0.227783 -0.241821 -0.231934 -0.231689 -0.164062 
-0.213501 -0.205566 -0.199219 -0.228394 -0.208374 -0.208984 -0.139893 
-0.228760 -0.234253 -0.226929 -0.254150 -0.241943 -0.233887 -0.163818 
-0.221436 -0.233887 -0.217773 -0.247070 -0.251953 -0.220703 -0.158691 
-0.221191 -0.241333 -0.217773 -0.247803 -0.252197 -0.224121 -0.161987 
-0.210327 -0.226318 -0.211914 -0.244507 -0.244995 -0.223877 -0.157715 
-0.166626 -0.192383 -0.183594 -0.199341 -0.196655 -0.199829 -0.149292 

0.192505 0.112732 0.106995 0.129272 0.111938 0.118774 0.151489 
0.194336 0.056641 0.063843 0.080811 0.054291 0.062744 0.098755 
0.179932 0.057892 0.057617 0.072754 0.050232 0.068359 0.124573 
0.176758 0.054382 0.042084 0.059784 0.062195 0.054321 0.101624 
0.178711 0.070862 0.043243 0.063843 0.065735 0.059814 0.107483 
0.176147 0.062683 0.049072 0.071655 0.069275 0.073181 0.119324 
0.209473 0.130371 0.138550 0.149292 0.148804 0.154907 0.180664 

0.110840 0.106934 0.116089 0.113281 0.117310 0.109253 0.068848 
0.150024 0.152588 0.142700 0.149170 0.153320 0.146484 0.090454 
0.139771 0.148926 0.141602 0.145386 0.153442 0.134277 0.093506 
0.144775 0.167480 0.158813 0.170532 0.176636 0.157471 0.108032 
0.147949 0.157227 0.155884 0.162964 0.171753 0.163574 0.114990 
0.143066 0.154541 0.160522 0.166992 0.183105 0.170410 0.113831 
0.124268 0.115295 0.111206 0.103271 0.116577 0.108887 0.072327 

0.190063 0.261719 0.237061 0.256592 0.243530 0.246704 0.267334 
0.222168 0.283691 0.283203 0.286621 0.283203 0.283691 0.281494 
0.209595 0.261230 0.253906 0.263184 0.248535 0.271484 0.264160 
0.216675 0.273682 0.259277 0.264648 0.255127 0.272461 0.266113 
0.216064 0.286621 0.254639 0.271729 0.256836 0.268311 0.257080 
0.216919 0.293213 0.257080 0.274658 0.253662 0.268066 0.257812 
0.198975 0.205688 0.178223 0.188721 0.173218 0.189697 0.191406 

0.034180 0.132324 0.131226 0.133667 0.138184 0.133301 0.151123 
-0.065002 0.034515 0.019867 0.021255 0.016327 0.014061 0.014389 
-0.066162 0.017670 0.006378 0.006264 0.003639 0.004478 0.007294 
-0.045227 0.038208 0.022400 0.028503 0.032440 0.017105 0.018906 
-0.043945 0.025894 0.010910 0.017761 0.018250 0.010010 0.012161 
-0.037415 0.030457 0.023651 0.025208 0.031952 0.025375 0.029007 
-0.061584 0.039795 0.050354 0.043884 0.053650 0.053802 0.042419 

0.079102 0.022156 0.015900 0.018372 0.020065 0.020020 0.004181 
0.027069 -0.059906 -0.061249 -0.048279 -0.058167 -0.041229 -0.025345 
0.021881 -0.066589 -0.049652 -0.031860 -0.044891 -0.041534 -0.029419 
0.025696 -0.055023 -0.042206 -0.027390 -0.029099 -0.046722 -0.028000 
0.024551 -0.063477 -0.042511 -0.038879 -0.028336 -0.047180 -0.035919 
0.035645 -0.075562 -0.050018 -0.038574 -0.032654 -0.036621 -0.027115 
0.033875 -0.081665 -0.075989 -0.067749 -0.070984 -0.072144 -0.059082 

0.071716 0.040009 0.052704 0.041382 0.039795 0.044556 0.061707 
0.016861 -0.005436 0.009186 -0.005188 -0.004780 -0.001947 0.008865 
0.005898 -0.036743 -0.029266 -0.035156 -0.029465 -0.018402 -0.006107 
0.017181 -0.031830 -0.022888 -0.036285 -0.033508 -0.013321 0.005440 
0.021744 -0.036224 -0.023300 -0.036835 -0.034027 -0.019409 -0.005386 
0.024918 -0.026978 -0.015656 -0.031067 -0.025681 -0.017731 0.003691 
0.027008 -0.047516 -0.031799 -0.047089 -0.037750 -0.037842 -0.017319 

-0.125488 -0.136963 -0.134277 -0.137329 -0.131836 -0.128540 -0.112366 
-0.122864 -0.141846 -0.149536 -0.158569 -0.155640 -0.147339 -0.111816 
-0.104126 -0.114258 -0.135742 -0.134766 -0.130005 -0.121704 -0.088257 
-0.099915 -0.115479 -0.134277 -0.145874 -0.142578 -0.130005 -0.087219 
-0.096802 -0.115356 -0.133545 -0.145508 -0.141113 -0.123657 -0.077026 
-0.096802 -0.114136 -0.126465 -0.140015 -0.132202 -0.121277 -0.082642 
-0.121826 -0.152954 -0.178223 -0.181641 -0.176514 -0.168213 -0.129883 

0.364502 0.331787 0.342773 0.352783 0.337158 0.347656 0.288574 
0.330811 0.282959 0.306396 0.324951 0.301758 0.318604 0.230103 
0.306396 0.241821 0.251465 0.265137 0.259766 0.271484 0.210083 
0.320312 0.275146 0.277344 0.287109 0.288818 0.292969 0.229126 
0.319824 0.269043 0.272949 0.287598 0.284668 0.292969 0.216919 
0.319336 0.262939 0.272949 0.298584 0.296387 0.304688 0.228027 
0.318359 0.280762 0.301270 0.325684 0.316650 0.322754 0.259766 

-0.177612 -0.089355 -0.102905 -0.090576 -0.098267 -0.096497 -0.063232 
-0.158813 -0.055817 -0.046722 -0.043457 -0.050812 -0.057007 -0.027679 
-0.171509 -0.087341 -0.080933 -0.081787 -0.072144 -0.066833 -0.061066 
-0.164673 -0.078125 -0.074646 -0.081848 -0.086487 -0.064636 -0.041443 
-0.164307 -0.075684 -0.088806 -0.077393 -0.085083 -0.064880 -0.052216 
-0.173950 -0.052032 -0.083740 -0.073669 -0.078247 -0.065735 -0.036804 
-0.129517 -0.043274 -0.080444 -0.073669 -0.070923 -0.049469 -0.013321 

0.050720 -0.023331 -0.039642 -0.040405 -0.038239 -0.035889 -0.016434 
0.045410 -0.031586 -0.045044 -0.044250 -0.050995 -0.042114 -0.052673 
0.022491 -0.046814 -0.066528 -0.069214 -0.069092 -0.064819 -0.055115 
0.024567 -0.037354 -0.062622 -0.060974 -0.062286 -0.058716 -0.053528 
0.025742 -0.028915 -0.055786 -0.060669 -0.066711 -0.066528 -0.061523 
0.024002 -0.035828 -0.056335 -0.060669 -0.068787 -0.064636 -0.077881 
-0.003693 -0.085327 -0.092041 -0.097290 -0.104187 -0.103455 -0.109741 

