0.00839113 0.00839113 0.00839113 0.00839113 0.00839113 0.00839113 0.01219849 0.00920494 0.00517929 0.00000000 0.00000000 0.00000000 0.00000000 0.00000000 0.00000000 0.00000000 0.00000000 0.00962020 0.00985305 0.00712065 0.00283475 0.01177488 0.00586332 0.00578924 0.00362792 0.00839113 0.00839113 0.00839113
0.00839113 0.00839113 0.00839113 0.00839113 0.00839113 0.00839113 0.01391316 0.00969636 0.01493676 0.01236884 0.00618527 0.01243200 0.01321939 0.00849043 0.01248412 0.00593252 0.01620581 0.01457688 0.01259301 0.01375962 0.01363462 0.00800457 0.00712400 0.00000000 0.00137863 0.00420566 0.00839113 0.00839113
0.00839113 0.00839113 0.00839113 0.00839113 0.00839113 0.00839113 0.01312847 0.00551896 0.00000000 0.00533976 0.01147902 0.01539753 0.02042450 0.01430402 0.00199959 0.00259700 0.00035050 0.01611862 0.02002703 0.00000000 0.00902443 0.00000000 0.02043241 0.00087414 0.00000000 0.00464863 0.00839113 0.00839113
0.00839113 0.00839113 0.00839113 0.00839113 0.00839113 0.00839113 0.00780281 0.01315435 0.01083256 0.01274177 0.00034371 0.00000000 0.00000000 0.01001368 0.00602859 0.00000000 0.00000000 0.00000000 0.00000000 0.00000000 0.00000000 0.00000000 0.00000000 0.01528046 0.00004403 0.01419186 0.00839113 0.00839113
0.00839113 0.00839113 0.00839113 0.00839113 0.00839113 0.00839113 0.01599882 0.02543068 0.02294878 0.00000000 0.00000000 0.00000000 0.00000000 0.00000000 0.00000000 0.00000000 0.00000000 0.00000000 0.00000000 0.00000000 0.00000000 0.00000000 0.00000000 0.00361972 0.01507816 0.00465573 0.00839113 0.00839113
0.00839113 0.00839113 0.00839113 0.00839113 0.00839113 0.00839113 0.02400392 0.01832377 0.00000000 0.00000000 0.00000000 0.00000000 0.00000000 0.00000000 0.00000000 0.00000000 0.00000000 0.00000000 0.00000000 0.00000000 0.00000000 0.00000000 0.01515702 0.00000000 0.00000000 0.00000000 0.00839113 0.00839113
0.00839113 0.00839113 0.00839113 0.00839113 0.00839113 0.00839113 0.02641413 0.01884247 0.00000000 0.00000000 0.00000000 0.00000000 0.00000000 0.00000000 0.00000000 0.00000000 0.43102887 0.77545208 1.08819556 0.78738743 0.58329225 0.15542105 0.03229356 0.01779317 0.00000000 0.00206568 0.00839113 0.00839113
0.00839113 0.00839113 0.00839113 0.00839113 0.00839113 0.00839113 0.01465239 0.00270970 0.00326932 0.05281220 0.08017564 0.37797260 0.71784234 1.05470729 1.28896070 1.40785205 1.55547297 1.59795010 1.44196427 0.88334787 0.40768367 0.07553086 0.00000000 0.00000000 0.00535747 0.01354536 0.00839113 0.00839113
0.00839113 0.00839113 0.00839113 0.00839113 0.00839113 0.00839113 0.00838410 0.04932038 0.26959184 0.47267443 0.67044961 0.93507296 1.29833055 1.49442375 1.56397247 1.51191592 1.30294740 1.15873253 0.85586959 0.38305858 0.02392419 0.00000000 0.00000000 0.00000000 0.00000000 0.00394981 0.00839113 0.00839113
0.00839113 0.00839113 0.00839113 0.00839113 0.00839113 0.00839113 0.01055731 0.15864673 0.46018931 0.68628454 0.80403924 0.87215662 0.96987230 1.02061200 0.83280790 0.66150773 0.42056254 0.22119525 0.11460391 0.00000000 0.00000000 0.00000000 0.00000000 0.00540044 0.01409892 0.00000000 0.00839113 0.00839113
0.00839113 0.00839113 0.00839113 0.00839113 0.00839113 0.00839113 0.01335437 0.35635829 0.64342564 0.83847249 0.44946027 0.28733075 0.00000000 0.00000000 0.00000000 0.00000000 0.00000000 0.00000000 0.00000000 0.00000000 0.00703566 0.00000000 0.00431955 0.00000000 0.00285264 0.00708251 0.00839113 0.00839113
0.00839113 0.00839113 0.00839113 0.00839113 0.00839113 0.00839113 0.03213144 0.53494751 0.80041981 0.72399902 0.00000000 0.00000000 0.00000000 0.00000000 0.00000000 0.00000000 0.00000000 0.00000000 0.00000000 0.00000000 0.00000000 0.04570921 0.00601617 0.01440025 0.00000000 0.00481971 0.00839113 0.00839113
0.00839113 0.00839113 0.00839113 0.00839113 0.00839113 0.00839113 0.04892023 0.65822506 0.94567531 0.75373453 0.15855452 0.00000000 0.00000000 0.00000000 0.00000000 0.00000000 0.00000000 0.00000000 0.00000000 0.00000000 0.00000000 0.00942289 0.00000000 0.00821007 0.01369435 0.00307694 0.00839113 0.00839113
0.00839113 0.00839113 0.00839113 0.00839113 0.00839113 0.00839113 0.07240988 0.75886685 1.12830496 1.11746693 0.83163720 0.56105047 0.67475587 1.09063053 1.29489410 1.08706582 0.78175682 0.11634360 0.00000000 0.00000000 0.00000000 0.00000000 0.02780566 0.00233616 0.00534895 0.00777734 0.00839113 0.00839113
0.00839113 0.00839113 0.00839113 0.00839113 0.00839113 0.00839113 0.05206241 0.74949694 1.14635563 1.43760765 1.52440083 1.55827320 1.54743350 1.54579449 1.57294714 1.40798926 1.08257639 0.49856991 0.00000000 0.00000000 0.00000000 0.00000000 0.00000000 0.00953841 0.00469950 0.00417464 0.00839113 0.00839113
0.00839113 0.00839113 0.00839113 0.00839113 0.00839113 0.00839113 0.03327168 0.57158422 0.95895845 1.21745217 1.46663618 1.25821686 1.14651096 1.00200355 0.90544111 0.97796112 1.00159276 0.69289058 0.08348589 0.00000000 0.00000000 0.00000000 0.00000000 0.00000000 0.00671913 0.00644876 0.00839113 0.00839113
0.00839113 0.00839113 0.00839113 0.00839113 0.00839113 0.00839113 0.00838879 0.29623410 0.66150463 0.67874908 0.83161181 0.65379143 0.39711803 0.19964153 0.19527903 0.50032425 0.79109442 0.73638499 0.36345601 0.00000000 0.00000000 0.00000000 0.00000000 0.00000000 0.00191536 0.00619000 0.00839113 0.00839113
0.00839113 0.00839113 0.00839113 0.00839113 0.00839113 0.00839113 0.00933743 0.07031412 0.23699763 0.25987396 0.13412906 0.10154489 0.00000000 0.00000000 0.00000000 0.15333357 0.66411525 0.74702370 0.43250197 0.00000000 0.00000000 0.00000000 0.00000000 0.00445242 0.00000000 0.00603123 0.00839113 0.00839113
0.00839113 0.00839113 0.00839113 0.00839113 0.00839113 0.00839113 0.01059286 0.01934819 0.00000000 0.00000000 0.00000000 0.00000000 0.00000000 0.00000000 0.00000000 0.01608449 0.36397055 0.71489859 0.39147481 0.17716493 0.00000000 0.00000000 0.00000000 0.00000000 0.00207402 0.00935893 0.00839113 0.00839113
0.00839113 0.00839113 0.00839113 0.00839113 0.00839113 0.00839113 0.01523914 0.00745547 0.00000000 0.00000000 0.00000000 0.00000000 0.00000000 0.00000000 0.00000000 0.00000000 0.10812246 0.47725701 0.34953210 0.10740846 0.06357662 0.00000000 0.00000000 0.02351002 0.00000000 0.00601211 0.00839113 0.00839113
0.00839113 0.00839113 0.00839113 0.00839113 0.00839113 0.00839113 0.01501740 0.02210885 0.00000000 0.00000000 0.00000000 0.00000000 0.00000000 0.00000000 0.00000000 0.00000000 0.00000000 0.08526234 0.27215031 0.04151825 0.01386647 0.00000000 0.00000000 0.00000000 0.00000000 0.00569221 0.00839113 0.00839113
0.00839113 0.00839113 0.00839113 0.00839113 0.00839113 0.00839113 0.01378746 0.15460160 0.37040991 0.37343207 0.08109666 0.00000000 0.00000000 0.00000000 0.00000000 0.00000000 0.00000000 0.26734796 0.34156305 0.29153517 0.00000000 0.00000000 0.00000000 0.00444644 0.00000000 0.00495047 0.00839113 0.00839113
0.00839113 0.00839113 0.00839113 0.00839113 0.00839113 0.00839113 0.00837356 0.37879673 0.79789650 1.28206205 0.94757086 0.28209844 0.00000000 0.00000000 0.00000000 0.00000000 0.28406614 0.88320446 0.65794754 0.50560594 0.07638800 0.00000000 0.00053110 0.01871242 0.00600496 0.00895529 0.00839113 0.00839113
0.00839113 0.00839113 0.00839113 0.00839113 0.00839113 0.00839113 0.01846779 0.45666289 0.98725080 1.41342330 1.58472538 1.19559622 0.98484093 0.86394751 0.94989127 1.31489468 1.60841203 1.44599319 0.82680237 0.36402887 0.05876363 0.00000000 0.02338782 0.02054647 0.00620585 0.00620062 0.00839113 0.00839113
0.00839113 0.00839113 0.00839113 0.00839113 0.00839113 0.00839113 0.02494083 0.34196973 0.86156392 1.12811804 1.47578609 1.41621304 1.30063462 1.43276370 1.58855677 1.66145146 1.49801624 1.12569666 0.51727068 0.06271859 0.00000000 0.00000000 0.00720683 0.01035682 0.00549715 0.00610914 0.00839113 0.00839113
0.00839113 0.00839113 0.00839113 0.00839113 0.00839113 0.00839113 0.03537794 0.13615985 0.46286216 0.73474276 0.90863931 1.11900771 1.15039968 1.12478328 1.12582195 0.95191276 0.71584654 0.29016924 0.00000000 0.00000000 0.00000000 0.00000000 0.00000000 0.00219323 0.00759761 0.00721240 0.00839113 0.00839113
0.00839113 0.00839113 0.00839113 0.00839113 0.00839113 0.00839113 0.02384334 0.03599658 0.15317687 0.30889302 0.43848091 0.50044847 0.49863219 0.47753716 0.45284861 0.30248231 0.08607957 0.00000000 0.00000000 0.00000000 0.00973855 0.01198941 0.00925656 0.00453462 0.00939256 0.00739212 0.00839113 0.00839113
0.00839113 0.00839113 0.00839113 0.00839113 0.00839113 0.00839113 0.03043826 0.02958533 0.01638602 0.02613810 0.02017037 0.02570601 0.02804509 0.02692711 0.03789854 0.03783049 0.02327741 0.02853984 0.02463172 0.02592348 0.01595275 0.01858911 0.01203513 0.01396214 0.00929404 0.00839113 0.00839113 0.00839113
