0.000000
0.000000
0.000000
0.000000
0.000000
0.000000
0.000000
0.000000
0.019608
0.000000
0.000000
0.011765
0.003922
0.003922
0.011765
0.000000
0.007843
0.000000
0.019608
0.027451
0.000000
0.000000
0.000000
0.000000
0.000000
0.000000
0.000000
0.000000
0.000000
0.000000
0.000000
0.000000
0.000000
0.000000
0.000000
0.000000
0.000000
0.000000
0.000000
0.000000
0.000000
0.000000
0.000000
0.000000
0.000000
0.000000
0.031373
0.000000
0.000000
0.015686
0.054902
0.000000
0.000000
0.000000
0.000000
0.000000
0.000000
0.000000
0.000000
0.000000
0.000000
0.000000
0.000000
0.000000
0.000000
0.023529
0.023529
0.011765
0.023529
0.019608
0.007843
0.031373
0.015686
0.000000
0.000000
0.011765
0.011765
0.000000
0.000000
0.000000
0.000000
0.000000
0.000000
0.000000
0.000000
0.000000
0.000000
0.000000
0.000000
0.000000
0.000000
0.000000
0.000000
0.007843
0.000000
0.000000
0.000000
0.000000
0.000000
0.007843
0.000000
0.003922
0.000000
0.031373
0.000000
0.000000
0.000000
0.043137
0.000000
0.000000
0.000000
0.000000
0.000000
0.000000
0.000000
0.000000
0.000000
0.000000
0.000000
0.000000
0.039216
0.015686
0.000000
0.000000
0.011765
0.003922
0.007843
0.047059
0.003922
0.027451
0.000000
0.000000
0.050980
0.000000
0.027451
0.000000
0.000000
0.000000
0.000000
0.000000
0.000000
0.000000
0.000000
0.000000
0.000000
0.000000
0.000000
0.000000
0.023529
0.000000
0.000000
0.062745
0.031373
0.000000
0.000000
0.019608
0.243137
0.505882
0.933333
0.968627
0.862745
0.070588
0.000000
0.000000
0.000000
0.000000
0.000000
0.000000
0.000000
0.000000
0.000000
0.000000
0.000000
0.000000
0.000000
0.000000
0.000000
0.000000
0.317647
0.686275
0.764706
0.788235
0.886275
0.925490
1.000000
0.956863
1.000000
1.000000
0.933333
0.145098
0.000000
0.000000
0.000000
0.000000
0.000000
0.000000
0.000000
0.000000
0.000000
0.000000
0.000000
0.000000
0.000000
0.000000
0.000000
0.058824
0.541176
1.000000
1.000000
0.956863
0.992157
0.968627
0.968627
1.000000
0.760784
0.541176
0.274510
0.000000
0.000000
0.050980
0.000000
0.000000
0.000000
0.000000
0.000000
0.000000
0.000000
0.000000
0.000000
0.000000
0.000000
0.000000
0.000000
0.207843
0.933333
0.964706
0.956863
0.917647
0.886275
0.784314
0.466667
0.243137
0.074510
0.000000
0.000000
0.003922
0.000000
0.019608
0.000000
0.000000
0.000000
0.000000
0.000000
0.000000
0.000000
0.000000
0.000000
0.000000
0.000000
0.000000
0.023529
0.635294
1.000000
0.850980
0.141176
0.019608
0.000000
0.000000
0.054902
0.000000
0.023529
0.023529
0.019608
0.019608
0.039216
0.000000
0.000000
0.000000
0.000000
0.000000
0.000000
0.000000
0.000000
0.000000
0.000000
0.000000
0.000000
0.000000
0.000000
0.733333
0.972549
0.690196
0.000000
0.039216
0.000000
0.019608
0.000000
0.000000
0.015686
0.000000
0.000000
0.007843
0.015686
0.027451
0.000000
0.000000
0.000000
0.000000
0.000000
0.000000
0.000000
0.000000
0.000000
0.000000
0.000000
0.000000
0.098039
0.858824
0.992157
0.403922
0.000000
0.027451
0.015686
0.247059
0.168627
0.019608
0.000000
0.094118
0.000000
0.019608
0.000000
0.015686
0.000000
0.000000
0.000000
0.000000
0.000000
0.000000
0.000000
0.000000
0.000000
0.000000
0.000000
0.000000
0.066667
1.000000
0.956863
0.400000
0.513726
0.858824
0.960784
0.968627
0.964706
0.372549
0.023529
0.000000
0.000000
0.047059
0.031373
0.011765
0.000000
0.000000
0.000000
0.000000
0.000000
0.000000
0.000000
0.000000
0.000000
0.000000
0.000000
0.000000
0.086275
0.980392
0.960784
1.000000
1.000000
0.937255
0.960784
1.000000
1.000000
1.000000
0.674510
0.000000
0.007843
0.000000
0.000000
0.023529
0.000000
0.000000
0.000000
0.000000
0.000000
0.000000
0.000000
0.000000
0.000000
0.000000
0.000000
0.000000
0.000000
0.784314
0.941176
0.937255
0.925490
0.956863
0.741176
0.388235
0.623529
0.992157
0.741176
0.000000
0.000000
0.078431
0.011765
0.000000
0.000000
0.000000
0.000000
0.000000
0.000000
0.000000
0.000000
0.000000
0.000000
0.000000
0.000000
0.000000
0.000000
0.207843
0.627451
0.462745
0.207843
0.141176
0.000000
0.000000
0.019608
0.501961
0.909804
0.733333
0.000000
0.000000
0.000000
0.007843
0.000000
0.000000
0.000000
0.000000
0.000000
0.000000
0.000000
0.000000
0.000000
0.000000
0.000000
0.000000
0.000000
0.003922
0.003922
0.000000
0.011765
0.000000
0.000000
0.000000
0.000000
0.043137
0.780392
0.925490
0.290196
0.000000
0.043137
0.000000
0.000000
0.000000
0.000000
0.000000
0.000000
0.000000
0.000000
0.000000
0.000000
0.000000
0.000000
0.000000
0.007843
0.035294
0.000000
0.011765
0.000000
0.000000
0.023529
0.003922
0.000000
0.047059
0.454902
1.000000
0.635294
0.011765
0.000000
0.000000
0.000000
0.000000
0.000000
0.000000
0.000000
0.000000
0.000000
0.000000
0.000000
0.000000
0.000000
0.000000
0.000000
0.003922
0.000000
0.000000
0.058824
0.023529
0.000000
0.007843
0.035294
0.000000
0.270588
1.000000
0.654902
0.000000
0.062745
0.015686
0.000000
0.000000
0.000000
0.000000
0.000000
0.000000
0.000000
0.000000
0.000000
0.000000
0.000000
0.000000
0.023529
0.000000
0.050980
0.003922
0.000000
0.015686
0.000000
0.027451
0.000000
0.054902
0.662745
0.972549
0.650980
0.062745
0.000000
0.000000
0.000000
0.000000
0.000000
0.000000
0.000000
0.000000
0.000000
0.000000
0.000000
0.000000
0.000000
0.000000
0.000000
0.149020
0.650980
0.741176
0.294118
0.070588
0.047059
0.000000
0.000000
0.164706
0.921569
0.890196
0.090196
0.000000
0.058824
0.011765
0.000000
0.000000
0.000000
0.000000
0.000000
0.000000
0.000000
0.000000
0.000000
0.000000
0.000000
0.000000
0.000000
0.643137
0.956863
0.949020
0.458824
0.000000
0.007843
0.070588
0.117647
0.635294
1.000000
0.894118
0.023529
0.000000
0.000000
0.000000
0.000000
0.000000
0.000000
0.000000
0.000000
0.000000
0.000000
0.000000
0.000000
0.000000
0.000000
0.000000
0.000000
0.733333
1.000000
1.000000
0.803922
0.388235
0.329412
0.509804
0.882353
1.000000
1.000000
0.745098
0.000000
0.007843
0.043137
0.023529
0.000000
0.000000
0.000000
0.000000
0.000000
0.000000
0.000000
0.000000
0.000000
0.000000
0.000000
0.000000
0.058824
0.345098
0.952941
1.000000
0.921569
1.000000
0.972549
1.000000
0.992157
0.972549
0.745098
0.243137
0.011765
0.007843
0.000000
0.003922
0.000000
0.000000
0.000000
0.000000
0.000000
0.000000
0.000000
0.000000
0.000000
0.000000
0.000000
0.000000
0.000000
0.070588
0.368627
0.741176
0.972549
1.000000
0.992157
1.000000
0.960784
0.513726
0.086275
0.000000
0.000000
0.000000
0.000000
0.007843
0.000000
0.000000
0.000000
0.000000
0.000000
0.000000
0.000000
0.000000
0.000000
0.000000
0.000000
0.000000
0.054902
0.000000
0.000000
0.000000
0.003922
0.000000
0.000000
0.000000
0.043137
0.000000
0.000000
0.011765
0.019608
0.000000
0.000000
0.000000
0.000000
0.000000
0.000000
0.000000
0.000000
0.000000
0.000000
0.000000
0.000000
0.000000
0.000000
0.000000
0.000000
0.000000
0.000000
0.003922
0.027451
0.023529
0.019608
0.019608
0.000000
0.000000
0.007843
0.000000
0.000000
0.000000
0.007843
0.000000
0.000000
0.000000
0.000000
0.000000
0.000000
0.000000
0.000000
0.000000
0.000000
0.000000
0.000000
0.000000
0.031373
0.031373
0.019608
0.003922
0.000000
0.003922
0.000000
0.000000
0.050980
0.047059
0.011765
0.000000
0.000000
0.035294
0.011765
0.000000
0.000000
0.000000
0.000000
0.000000